3.653802e-07
2.778834e+06
-3.439290e+06
-2.010703e+07
-3.753020e+07
-5.496899e+07
-7.243579e+07
-8.994531e+07
-1.074904e+08
-1.250643e+08
-1.426643e+08
-1.602750e+08
-1.778222e+08
-1.949898e+08
-2.109466e+08
-2.240258e+08
-2.324992e+08
-2.365952e+08
-2.381368e+08
-2.384798e+08
-2.383572e+08
-2.380165e+08
-2.375512e+08
-2.370321e+08
-2.364409e+08
-2.358446e+08
-2.351919e+08
-2.345415e+08
-2.338422e+08
-2.331401e+08
-2.323838e+08
-2.316584e+08
-2.308728e+08
-2.301243e+08
-2.293309e+08
-2.285518e+08
-2.277386e+08
-2.269272e+08
-2.261286e+08
-2.253114e+08
-2.245176e+08
-2.237050e+08
-2.229099e+08
-2.221484e+08
-2.213755e+08
-2.206301e+08
-2.199241e+08
-2.192356e+08
-2.185443e+08
-2.179207e+08
-2.173151e+08
-2.167305e+08
-2.162062e+08
-2.156858e+08
-2.152397e+08
-2.147973e+08
-2.144240e+08
-2.140361e+08
-2.137205e+08
-2.134177e+08
-2.131597e+08
-2.129295e+08
-2.127240e+08
-2.125163e+08
-2.123814e+08
-2.122387e+08
-2.121310e+08
-2.120264e+08
-2.119384e+08
-2.118530e+08
-2.118003e+08
-2.117244e+08
-2.116762e+08
-2.116057e+08
-2.115850e+08
-2.115442e+08
-2.114888e+08
-2.114649e+08
-2.114555e+08
-2.114055e+08
-2.113785e+08
-2.113541e+08
-2.112947e+08
-2.112730e+08
-2.112485e+08
-2.111961e+08
-2.111684e+08
-2.111521e+08
-2.111039e+08
-2.110777e+08
-2.110133e+08
-2.109904e+08
-2.109114e+08
-2.108533e+08
-2.108002e+08
-2.107299e+08
-2.106719e+08
-2.106085e+08
-2.105344e+08
-2.104984e+08
-2.104240e+08
