-1.908764e-06
7.086900e+07
1.320533e+08
1.757178e+08
2.163060e+08
2.565508e+08
2.966995e+08
3.367992e+08
3.768970e+08
4.170054e+08
4.571264e+08
4.972280e+08
5.371493e+08
5.762992e+08
6.131251e+08
6.447526e+08
6.683977e+08
6.846437e+08
6.963801e+08
7.061921e+08
7.149980e+08
7.232664e+08
7.312010e+08
7.387983e+08
7.462372e+08
7.533577e+08
7.603559e+08
7.670501e+08
7.736165e+08
7.799168e+08
7.861100e+08
7.920227e+08
7.978508e+08
8.034072e+08
8.088698e+08
8.140773e+08
8.191901e+08
8.240801e+08
8.288074e+08
8.333809e+08
8.377657e+08
8.420428e+08
8.461131e+08
8.500124e+08
8.538131e+08
8.574124e+08
8.608510e+08
8.641355e+08
8.673549e+08
8.703107e+08
8.731745e+08
8.758669e+08
8.783984e+08
8.808449e+08
8.830228e+08
8.852061e+08
8.871298e+08
8.889944e+08
8.906567e+08
8.922482e+08
8.936773e+08
8.949877e+08
8.962145e+08
8.974330e+08
8.984058e+08
8.993458e+08
9.001522e+08
9.009158e+08
9.016102e+08
9.022910e+08
9.027586e+08
9.033421e+08
9.036982e+08
9.041412e+08
9.044686e+08
9.047993e+08
9.051241e+08
9.053368e+08
9.053955e+08
9.055946e+08
9.056904e+08
9.057975e+08
9.059167e+08
9.059379e+08
9.059581e+08
9.060485e+08
9.059908e+08
9.058894e+08
9.059505e+08
9.058537e+08
9.058950e+08
9.057707e+08
9.057550e+08
9.057280e+08
9.056173e+08
9.055735e+08
9.054645e+08
9.053623e+08
9.052739e+08
9.050719e+08
9.049949e+08
