2.482686e-06
1.824844e+06
-5.007669e+06
-5.454392e+06
-2.495561e+06
7.357232e+05
3.969175e+06
7.176783e+06
1.036953e+07
1.353688e+07
1.667822e+07
1.977530e+07
2.280114e+07
2.568125e+07
2.803485e+07
2.926158e+07
2.879042e+07
2.684462e+07
2.414660e+07
2.124803e+07
1.835419e+07
1.551870e+07
1.276901e+07
1.010416e+07
7.528831e+06
5.038379e+06
2.639282e+06
3.324444e+05
-1.887706e+06
-4.017289e+06
-6.056756e+06
-7.999196e+06
-9.850542e+06
-1.160256e+07
-1.325932e+07
-1.481207e+07
-1.626981e+07
-1.763265e+07
-1.890030e+07
-2.008059e+07
-2.117177e+07
-2.218382e+07
-2.311989e+07
-2.398121e+07
-2.477773e+07
-2.551087e+07
-2.618401e+07
-2.680721e+07
-2.738717e+07
-2.792002e+07
-2.841741e+07
-2.888422e+07
-2.932109e+07
-2.973691e+07
-3.012352e+07
-3.049395e+07
-3.083586e+07
-3.116877e+07
-3.147980e+07
-3.177411e+07
-3.205091e+07
-3.231084e+07
-3.255827e+07
-3.278745e+07
-3.300060e+07
-3.320329e+07
-3.338270e+07
-3.355067e+07
-3.370246e+07
-3.384034e+07
-3.396232e+07
-3.407068e+07
-3.416500e+07
-3.423540e+07
-3.430111e+07
-3.435190e+07
-3.438366e+07
-3.441603e+07
-3.442730e+07
-3.443612e+07
-3.442520e+07
-3.440806e+07
-3.438260e+07
-3.433964e+07
-3.429272e+07
-3.424188e+07
-3.417569e+07
-3.410173e+07
-3.402038e+07
-3.393002e+07
-3.383425e+07
-3.373363e+07
-3.363149e+07
-3.351619e+07
-3.339161e+07
-3.326369e+07
-3.312992e+07
-3.298691e+07
-3.284205e+07
-3.269056e+07
-3.253511e+07
