-5.347433e-07
7.382702e+07
1.247395e+08
1.431550e+08
1.575537e+08
1.715958e+08
1.854948e+08
1.992890e+08
2.130215e+08
2.267100e+08
2.403665e+08
2.539671e+08
2.674304e+08
2.804671e+08
2.922152e+08
3.012158e+08
3.061905e+08
3.075542e+08
3.066522e+08
3.049862e+08
3.028283e+08
3.004502e+08
2.979795e+08
2.953430e+08
2.927624e+08
2.899972e+08
2.873228e+08
2.844869e+08
2.817414e+08
2.788825e+08
2.761383e+08
2.732310e+08
2.704882e+08
2.676033e+08
2.648701e+08
2.620537e+08
2.593856e+08
2.566960e+08
2.540304e+08
2.514440e+08
2.488531e+08
2.464030e+08
2.439568e+08
2.415310e+08
2.392595e+08
2.369949e+08
2.347650e+08
2.326118e+08
2.306539e+08
2.286059e+08
2.267064e+08
2.248805e+08
2.230938e+08
2.214936e+08
2.198035e+08
2.183829e+08
2.168785e+08
2.155917e+08
2.142700e+08
2.131006e+08
2.119509e+08
2.108665e+08
2.098860e+08
2.090886e+08
2.081572e+08
2.073856e+08
2.066022e+08
2.059292e+08
2.053088e+08
2.048027e+08
2.041730e+08
2.037954e+08
2.032646e+08
2.029229e+08
2.025062e+08
2.021915e+08
2.019512e+08
2.016321e+08
2.012191e+08
2.010519e+08
2.008008e+08
2.006226e+08
2.005395e+08
2.003574e+08
2.002200e+08
2.002246e+08
2.000862e+08
1.999248e+08
1.999765e+08
1.998769e+08
1.999657e+08
1.998619e+08
1.999434e+08
2.000105e+08
2.000142e+08
2.001307e+08
2.001871e+08
2.002799e+08
2.004236e+08
2.004329e+08
2.006204e+08
