3.675026e-06
6.870551e+02
-3.647979e+02
5.307785e+02
5.971106e+02
2.289840e+03
1.449338e+03
1.021877e+03
1.009829e+03
9.917810e+02
1.221717e+03
1.385218e+03
2.018932e+03
4.523401e+03
7.722574e+02
5.930541e+03
-4.380791e+03
1.558931e+04
-2.289080e+04
1.936480e+04
4.904582e+03
1.084788e+04
6.776576e+03
-1.814270e+04
5.789453e+03
-2.080287e+04
6.351990e+03
-2.617127e+04
4.021442e+03
-2.355109e+04
-3.399133e+03
-2.288665e+04
-3.494572e+03
-2.196698e+04
6.992346e+03
-2.395209e+04
6.115781e+03
-8.153584e+03
-1.654978e+03
-6.382620e+03
-2.002639e+04
5.975964e+03
-7.114690e+03
-2.083761e+04
6.030454e+03
-6.701645e+03
-1.776739e+04
-2.302619e+04
2.874047e+04
-7.831161e+03
6.711872e+03
-8.696967e+03
-1.810365e+04
2.694722e+04
-2.948577e+04
2.276183e+04
6.669809e+03
2.113683e+04
-7.297904e+03
5.549262e+03
-6.989440e+03
-1.807270e+04
-2.798541e+04
1.514736e+04
-1.576306e+04
1.934509e+03
-3.255119e+04
-3.434790e+04
-3.149768e+04
2.147818e+04
-3.976854e+04
9.195593e+03
-4.785591e+03
-9.522555e+03
-9.424747e+03
2.678482e+04
2.489479e+03
5.668474e+04
-4.168660e+04
-1.732787e+04
-3.757283e+03
-1.793133e+04
2.419352e+04
3.622464e+03
4.341319e+03
6.105220e+04
1.718763e+04
-4.726182e+04
2.587090e+04
-5.330598e+04
8.871474e+03
-1.146214e+04
5.037668e+03
1.130306e+04
-8.095906e+03
-2.912040e+03
1.523704e+04
3.196594e+03
-1.041229e+03
-1.111306e+04
6.632311e+03
