3.653802e-07
2.778834e+06
-3.439290e+06
-2.010703e+07
-3.753020e+07
-5.496899e+07
-7.243579e+07
-8.994531e+07
-1.074904e+08
-1.250643e+08
-1.426643e+08
-1.602750e+08
-1.778222e+08
-1.949898e+08
-2.109466e+08
-2.240258e+08
-2.324992e+08
-2.365952e+08
-2.381368e+08
-2.384798e+08
-2.383573e+08
-2.380165e+08
-2.375512e+08
-2.370321e+08
-2.364409e+08
-2.358446e+08
-2.351919e+08
-2.345415e+08
-2.338423e+08
-2.331401e+08
-2.323838e+08
-2.316583e+08
-2.308729e+08
-2.301243e+08
-2.293309e+08
-2.285517e+08
-2.277386e+08
-2.269272e+08
-2.261286e+08
-2.253114e+08
-2.245175e+08
-2.237050e+08
-2.229099e+08
-2.221483e+08
-2.213756e+08
-2.206301e+08
-2.199240e+08
-2.192355e+08
-2.185444e+08
-2.179207e+08
-2.173150e+08
-2.167306e+08
-2.162061e+08
-2.156859e+08
-2.152397e+08
-2.147974e+08
-2.144237e+08
-2.140364e+08
-2.137205e+08
-2.134177e+08
-2.131597e+08
-2.129295e+08
-2.127240e+08
-2.125163e+08
-2.123814e+08
-2.122383e+08
-2.121311e+08
-2.120264e+08
-2.119385e+08
-2.118529e+08
-2.118003e+08
-2.117240e+08
-2.116768e+08
-2.116075e+08
-2.115849e+08
-2.115442e+08
-2.114886e+08
-2.114649e+08
-2.114556e+08
-2.114055e+08
-2.113792e+08
-2.113534e+08
-2.112950e+08
-2.112733e+08
-2.112483e+08
-2.111961e+08
-2.111690e+08
-2.111521e+08
-2.111039e+08
-2.110778e+08
-2.110133e+08
-2.109905e+08
-2.109127e+08
-2.108528e+08
-2.108006e+08
-2.107296e+08
-2.106718e+08
-2.106085e+08
-2.105348e+08
-2.104984e+08
-2.104238e+08
