-7.934021e-07
3.041837e+06
-7.665319e+05
-2.638129e+06
-2.476793e+06
-2.011021e+06
-1.433606e+06
-8.119676e+05
-1.531657e+05
5.277846e+05
1.228817e+06
1.926689e+06
2.573480e+06
3.104297e+06
3.332969e+06
3.001827e+06
1.907845e+06
2.059209e+05
-1.783373e+06
-3.812880e+06
-5.811381e+06
-7.772392e+06
-9.684912e+06
-1.155895e+07
-1.339098e+07
-1.519179e+07
-1.695313e+07
-1.868163e+07
-2.037068e+07
-2.202226e+07
-2.363658e+07
-2.522228e+07
-2.678534e+07
-2.832850e+07
-2.985177e+07
-3.135595e+07
-3.284108e+07
-3.430981e+07
-3.575864e+07
-3.719061e+07
-3.860232e+07
-3.999219e+07
-4.135862e+07
-4.269834e+07
-4.401325e+07
-4.530033e+07
-4.655480e+07
-4.777599e+07
-4.896372e+07
-5.010980e+07
-5.121529e+07
-5.227881e+07
-5.329699e+07
-5.427415e+07
-5.520210e+07
-5.609180e+07
-5.692751e+07
-5.772505e+07
-5.847844e+07
-5.919037e+07
-5.986092e+07
-6.048884e+07
-6.108084e+07
-6.163632e+07
-6.214474e+07
-6.262577e+07
-6.306199e+07
-6.346599e+07
-6.383575e+07
-6.416739e+07
-6.446670e+07
-6.473638e+07
-6.497056e+07
-6.517235e+07
-6.534662e+07
-6.549092e+07
-6.559987e+07
-6.569991e+07
-6.575244e+07
-6.579279e+07
-6.579706e+07
-6.578255e+07
-6.575087e+07
-6.568945e+07
-6.560839e+07
-6.552272e+07
-6.540529e+07
-6.526779e+07
-6.511892e+07
-6.494478e+07
-6.475924e+07
-6.454213e+07
-6.432200e+07
-6.407819e+07
-6.381832e+07
-6.355492e+07
-6.328007e+07
-6.298809e+07
-6.270047e+07
-6.238770e+07
-6.207886e+07
