-7.934021e-07
3.038765e+06
-7.649066e+05
-2.629175e+06
-2.465175e+06
-1.998977e+06
-1.423160e+06
-8.049976e+05
-1.516512e+05
5.218926e+05
1.213507e+06
1.900196e+06
2.534776e+06
3.053591e+06
3.274202e+06
2.944881e+06
1.869101e+06
2.014502e+05
-1.742122e+06
-3.719247e+06
-5.660440e+06
-7.559399e+06
-9.405793e+06
-1.120934e+07
-1.296702e+07
-1.468920e+07
-1.636836e+07
-1.801075e+07
-1.961043e+07
-2.116927e+07
-2.268768e+07
-2.417440e+07
-2.563482e+07
-2.707214e+07
-2.848621e+07
-2.987767e+07
-3.124708e+07
-3.259643e+07
-3.392343e+07
-3.523018e+07
-3.651415e+07
-3.777364e+07
-3.900686e+07
-4.021177e+07
-4.138965e+07
-4.253749e+07
-4.365184e+07
-4.473146e+07
-4.577666e+07
-4.677967e+07
-4.774227e+07
-4.866223e+07
-4.953791e+07
-5.037264e+07
-5.115940e+07
-5.190817e+07
-5.260508e+07
-5.326426e+07
-5.388085e+07
-5.445769e+07
-5.499443e+07
-5.549087e+07
-5.595261e+07
-5.637910e+07
-5.676205e+07
-5.711848e+07
-5.743301e+07
-5.771722e+07
-5.796882e+07
-5.818648e+07
-5.837289e+07
-5.853217e+07
-5.865899e+07
-5.875540e+07
-5.882803e+07
-5.887297e+07
-5.888581e+07
-5.889032e+07
-5.885292e+07
-5.880312e+07
-5.872268e+07
-5.862582e+07
-5.851288e+07
-5.837326e+07
-5.821920e+07
-5.805829e+07
-5.787099e+07
-5.766720e+07
-5.745280e+07
-5.721670e+07
-5.697151e+07
-5.669995e+07
-5.642321e+07
-5.613067e+07
-5.582306e+07
-5.551275e+07
-5.519383e+07
-5.486168e+07
-5.453120e+07
-5.418248e+07
-5.383772e+07
