2.482686e-06
1.826689e+06
-5.018310e+06
-5.472968e+06
-2.507322e+06
7.401558e+05
3.998305e+06
7.238899e+06
1.047296e+07
1.368977e+07
1.688865e+07
2.005099e+07
2.314928e+07
2.610768e+07
2.853804e+07
2.982717e+07
2.938756e+07
2.744058e+07
2.471846e+07
2.178288e+07
1.884385e+07
1.595591e+07
1.314814e+07
1.041933e+07
7.775186e+06
5.210787e+06
2.733760e+06
3.448761e+05
-1.960780e+06
-4.179121e+06
-6.310263e+06
-8.345892e+06
-1.029281e+07
-1.214097e+07
-1.389481e+07
-1.554490e+07
-1.709967e+07
-1.855972e+07
-1.992281e+07
-2.119816e+07
-2.238249e+07
-2.348666e+07
-2.451400e+07
-2.546408e+07
-2.634826e+07
-2.716799e+07
-2.792526e+07
-2.863174e+07
-2.929399e+07
-2.990765e+07
-3.048447e+07
-3.103112e+07
-3.154600e+07
-3.204021e+07
-3.250402e+07
-3.295163e+07
-3.336948e+07
-3.377923e+07
-3.416600e+07
-3.453540e+07
-3.488717e+07
-3.522111e+07
-3.554247e+07
-3.584463e+07
-3.613009e+07
-3.640459e+07
-3.665462e+07
-3.689251e+07
-3.711318e+07
-3.731889e+07
-3.750787e+07
-3.768184e+07
-3.784129e+07
-3.797479e+07
-3.810205e+07
-3.821345e+07
-3.830407e+07
-3.839554e+07
-3.846355e+07
-3.852900e+07
-3.857239e+07
-3.860844e+07
-3.863585e+07
-3.864288e+07
-3.864555e+07
-3.864412e+07
-3.862484e+07
-3.859657e+07
-3.855985e+07
-3.851267e+07
-3.845884e+07
-3.839961e+07
-3.833887e+07
-3.826146e+07
-3.817438e+07
-3.808251e+07
-3.798356e+07
-3.787358e+07
-3.776106e+07
-3.764162e+07
-3.751531e+07
