1.966568e-07
1.031543e+06
9.603941e+05
-3.328703e+06
-2.960090e+06
-1.016888e+06
1.151905e+06
3.286612e+06
5.309727e+06
7.238501e+06
9.052744e+06
1.074177e+07
1.230018e+07
1.375857e+07
1.515554e+07
1.651641e+07
1.786087e+07
1.918393e+07
2.047004e+07
2.170952e+07
2.287960e+07
2.396145e+07
2.497028e+07
2.592036e+07
2.681841e+07
2.766516e+07
2.846355e+07
2.921740e+07
2.992299e+07
3.057826e+07
3.118017e+07
3.173526e+07
3.225137e+07
3.273656e+07
3.318911e+07
3.362151e+07
3.402774e+07
3.440852e+07
3.476100e+07
3.508797e+07
3.539308e+07
3.568061e+07
3.595350e+07
3.621636e+07
3.647273e+07
3.672159e+07
3.696699e+07
3.720337e+07
3.743511e+07
3.765739e+07
3.787507e+07
3.808761e+07
3.829692e+07
3.850243e+07
3.870337e+07
3.890244e+07
3.909701e+07
3.929007e+07
3.947655e+07
3.966257e+07
3.984157e+07
4.001705e+07
4.018812e+07
4.035482e+07
4.051802e+07
4.067600e+07
4.082857e+07
4.097438e+07
4.111671e+07
4.125434e+07
4.138932e+07
4.152754e+07
4.165857e+07
4.179342e+07
4.192037e+07
4.205213e+07
4.217870e+07
4.230670e+07
4.242855e+07
4.255007e+07
4.266577e+07
4.277907e+07
4.289388e+07
4.300152e+07
4.310519e+07
4.320732e+07
4.330095e+07
4.339618e+07
4.348229e+07
4.356636e+07
4.364693e+07
4.372516e+07
4.379568e+07
4.386937e+07
4.393277e+07
4.399482e+07
4.405326e+07
4.410819e+07
4.416056e+07
4.420630e+07
4.425641e+07
