1.966568e-07
1.031531e+06
9.603891e+05
-3.328935e+06
-2.960264e+06
-1.016903e+06
1.151869e+06
3.286352e+06
5.309045e+06
7.237191e+06
9.050597e+06
1.073856e+07
1.229565e+07
1.375249e+07
1.514767e+07
1.650651e+07
1.784866e+07
1.916913e+07
2.045241e+07
2.168886e+07
2.285577e+07
2.393436e+07
2.493982e+07
2.588643e+07
2.678086e+07
2.762387e+07
2.841838e+07
2.916821e+07
2.986964e+07
3.052058e+07
3.111805e+07
3.166856e+07
3.217997e+07
3.266033e+07
3.310790e+07
3.353524e+07
3.393622e+07
3.431168e+07
3.465875e+07
3.498018e+07
3.527968e+07
3.556143e+07
3.582852e+07
3.608540e+07
3.633575e+07
3.657844e+07
3.681758e+07
3.704760e+07
3.727287e+07
3.748864e+07
3.769964e+07
3.790550e+07
3.810795e+07
3.830660e+07
3.850053e+07
3.869255e+07
3.887999e+07
3.906583e+07
3.924509e+07
3.942373e+07
3.959543e+07
3.976346e+07
3.992715e+07
4.008637e+07
4.024212e+07
4.039257e+07
4.053761e+07
4.067593e+07
4.081070e+07
4.094085e+07
4.106806e+07
4.119883e+07
4.132228e+07
4.144945e+07
4.156876e+07
4.169284e+07
4.181168e+07
4.193205e+07
4.204619e+07
4.216001e+07
4.226810e+07
4.237372e+07
4.248096e+07
4.258093e+07
4.267708e+07
4.277162e+07
4.285780e+07
4.294549e+07
4.302429e+07
4.310086e+07
4.317408e+07
4.324488e+07
4.330824e+07
4.337463e+07
4.343088e+07
4.348581e+07
4.353717e+07
4.358516e+07
4.363051e+07
4.366944e+07
4.371264e+07
