3.273659e-06
-2.652289e+00
-3.126550e+02
1.303478e+00
8.726201e+02
2.583287e+03
4.964998e+03
3.317420e+03
3.218614e+03
5.348251e+03
7.510209e+02
5.223502e+03
8.070623e+02
5.405622e+03
7.547452e+02
6.615654e+03
9.043273e+02
5.619455e+02
1.601768e+03
1.263165e+03
3.627391e+03
9.645232e+02
1.741138e+03
7.351826e+01
7.339852e+02
4.828595e+02
-2.441774e+02
2.942141e+02
-1.197280e+03
-7.648569e+03
2.333205e+03
-3.444155e+03
2.552962e+03
-2.693342e+03
-9.067786e+03
1.726940e+03
-3.535775e+03
3.271208e+03
-2.874540e+03
3.325735e+03
-3.656179e+03
-7.953095e+03
7.734614e+03
-2.031759e+03
3.345646e+03
-3.971837e+03
3.535061e+03
-3.468372e+03
3.828155e+03
-3.868033e+03
-7.033730e+03
7.173947e+03
-1.724503e+03
2.611919e+03
-3.361303e+03
3.038890e+03
-2.882456e+03
3.272723e+03
-4.100614e+03
3.728992e+03
5.080219e+03
-6.533239e+03
1.337144e+03
-1.899579e+03
2.708216e+03
-3.579595e+03
2.884521e+03
-3.241144e+03
2.911548e+03
9.173614e+02
2.505456e+03
-5.599911e+03
4.825718e+03
-9.616656e+03
5.629297e+03
1.029616e+04
1.827197e+03
9.737051e+03
-3.159815e+03
-8.576284e+03
3.519713e+02
-3.293700e+02
1.860084e+03
-4.363479e+03
2.907099e+03
-2.141116e+03
1.408852e+03
-7.324982e+03
1.628674e+03
-1.132972e+04
5.915688e+03
3.197508e+03
-2.198697e+03
1.718224e+03
-5.964449e+03
5.706536e+03
-9.414194e+02
3.737516e+02
1.445303e+03
-9.203225e+02
2.002777e+03
