-1.416496e-07
1.359204e+06
2.062629e+06
-1.262396e+06
-5.666861e+06
-1.021397e+07
-1.489300e+07
-1.957821e+07
-2.426106e+07
-2.894945e+07
-3.365098e+07
-3.838737e+07
-4.316277e+07
-4.797691e+07
-5.279364e+07
-5.756390e+07
-6.227757e+07
-6.694735e+07
-7.159056e+07
-7.618040e+07
-8.069361e+07
-8.511334e+07
-8.944563e+07
-9.369845e+07
-9.786013e+07
-1.019227e+08
-1.058791e+08
-1.097216e+08
-1.134418e+08
-1.170465e+08
-1.205323e+08
-1.239194e+08
-1.272083e+08
-1.303958e+08
-1.335112e+08
-1.365140e+08
-1.394263e+08
-1.422278e+08
-1.449285e+08
-1.475361e+08
-1.500340e+08
-1.524555e+08
-1.547699e+08
-1.570097e+08
-1.591434e+08
-1.611955e+08
-1.631489e+08
-1.650148e+08
-1.667996e+08
-1.684924e+08
-1.701216e+08
-1.716572e+08
-1.731308e+08
-1.745193e+08
-1.758484e+08
-1.771070e+08
-1.783043e+08
-1.794462e+08
-1.805223e+08
-1.815532e+08
-1.825169e+08
-1.834412e+08
-1.843015e+08
-1.851246e+08
-1.858907e+08
-1.866241e+08
-1.873093e+08
-1.879587e+08
-1.885695e+08
-1.891455e+08
-1.896861e+08
-1.901989e+08
-1.906802e+08
-1.911331e+08
-1.915624e+08
-1.919642e+08
-1.923448e+08
-1.926991e+08
-1.930255e+08
-1.933401e+08
-1.936159e+08
-1.938870e+08
-1.941227e+08
-1.943540e+08
-1.945564e+08
-1.947554e+08
-1.949240e+08
-1.950921e+08
-1.952303e+08
-1.953698e+08
-1.954845e+08
-1.956043e+08
-1.956981e+08
-1.957922e+08
-1.958755e+08
-1.959466e+08
-1.960183e+08
-1.960690e+08
-1.961268e+08
-1.961643e+08
-1.962023e+08
