-5.117885e-07
1.967571e+06
2.952020e+06
-1.423194e+06
-7.374182e+06
-1.355092e+07
-1.977695e+07
-2.596518e+07
-3.211627e+07
-3.820128e+07
-4.419783e+07
-5.006943e+07
-5.579280e+07
-6.136467e+07
-6.678870e+07
-7.207216e+07
-7.721155e+07
-8.221798e+07
-8.710078e+07
-9.187554e+07
-9.655662e+07
-1.011659e+08
-1.056949e+08
-1.101445e+08
-1.145039e+08
-1.187667e+08
-1.229314e+08
-1.270017e+08
-1.309669e+08
-1.348369e+08
-1.385883e+08
-1.422622e+08
-1.458377e+08
-1.493173e+08
-1.527265e+08
-1.560248e+08
-1.592572e+08
-1.623857e+08
-1.654318e+08
-1.683791e+08
-1.712060e+08
-1.739411e+08
-1.765425e+08
-1.790530e+08
-1.814261e+08
-1.837065e+08
-1.858610e+08
-1.879198e+08
-1.898754e+08
-1.917265e+08
-1.934983e+08
-1.951633e+08
-1.967622e+08
-1.982601e+08
-1.996973e+08
-2.010471e+08
-2.023354e+08
-2.035542e+08
-2.047052e+08
-2.057955e+08
-2.068134e+08
-2.077813e+08
-2.086731e+08
-2.095225e+08
-2.102979e+08
-2.110413e+08
-2.117202e+08
-2.123648e+08
-2.129545e+08
-2.135126e+08
-2.140340e+08
-2.145110e+08
-2.149624e+08
-2.153775e+08
-2.157540e+08
-2.161025e+08
-2.164161e+08
-2.167059e+08
-2.169653e+08
-2.172076e+08
-2.174066e+08
-2.176032e+08
-2.177546e+08
-2.179091e+08
-2.180248e+08
-2.181480e+08
-2.182264e+08
-2.183139e+08
-2.183747e+08
-2.184331e+08
-2.184599e+08
-2.185009e+08
-2.185061e+08
-2.185108e+08
-2.185120e+08
-2.184854e+08
-2.184729e+08
-2.184238e+08
-2.183944e+08
-2.183383e+08
-2.182816e+08
