4.070639e-06
-6.876074e-01
1.517965e+02
9.302358e+02
9.315321e+02
2.225897e+03
4.427764e+03
4.514752e+03
2.800879e+03
5.948702e+03
1.211322e+03
7.285564e+03
1.173765e+03
6.391186e+03
8.880267e+02
9.500781e+03
1.291978e+03
1.649773e+03
1.188353e+03
1.698285e+03
2.206365e+03
1.094962e+02
1.828777e+03
-6.590901e+00
1.631728e+03
1.175062e+03
5.829325e+02
6.175226e+02
3.206656e+02
-4.140673e+03
4.097683e+03
-3.568383e+03
3.713712e+03
-2.863331e+03
-9.646317e+03
3.173925e+03
-3.035759e+03
4.812443e+03
-3.046935e+03
4.939708e+03
-4.032877e+03
-8.545234e+03
1.108165e+04
-2.365214e+03
5.129447e+03
-5.075181e+03
4.942579e+03
-4.372036e+03
5.344285e+03
-4.760586e+03
-8.517464e+03
1.046671e+04
-2.129523e+03
4.223574e+03
-4.539561e+03
4.271374e+03
-3.872920e+03
4.515531e+03
-5.599906e+03
4.999960e+03
6.948340e+03
-9.329690e+03
1.777324e+03
-3.169442e+03
3.512951e+03
-5.374655e+03
3.848834e+03
-4.689090e+03
3.697883e+03
4.601902e+03
1.186806e+02
-1.810775e+04
1.111749e+04
-2.046990e+04
8.238998e+03
1.436067e+04
2.493617e+03
2.373728e+04
-5.484901e+03
-1.235770e+04
-1.309860e+02
-8.246732e+02
2.312731e+03
-6.565438e+03
3.749620e+03
-3.198094e+03
1.843488e+03
-1.442994e+04
1.957120e+03
-1.801541e+04
7.052891e+03
4.029915e+03
-2.870296e+03
1.837172e+03
-8.355650e+03
7.095764e+03
-1.445838e+03
6.128248e+01
1.333073e+03
-1.115498e+03
2.282168e+03
