-1.416496e-07
1.358303e+06
2.059869e+06
-1.259784e+06
-5.651132e+06
-1.017851e+07
-1.483095e+07
-1.948300e+07
-2.412622e+07
-2.876847e+07
-3.341732e+07
-3.809438e+07
-4.280375e+07
-4.754511e+07
-5.228255e+07
-5.696755e+07
-6.159022e+07
-6.616324e+07
-7.070382e+07
-7.518548e+07
-7.958535e+07
-8.388698e+07
-8.809653e+07
-9.222206e+07
-9.625225e+07
-1.001795e+08
-1.039973e+08
-1.076979e+08
-1.112738e+08
-1.147316e+08
-1.180684e+08
-1.213043e+08
-1.244395e+08
-1.274721e+08
-1.304295e+08
-1.332736e+08
-1.360256e+08
-1.386660e+08
-1.412050e+08
-1.436495e+08
-1.459851e+08
-1.482423e+08
-1.503935e+08
-1.524687e+08
-1.544388e+08
-1.563271e+08
-1.581171e+08
-1.598207e+08
-1.614426e+08
-1.629749e+08
-1.644423e+08
-1.658187e+08
-1.671326e+08
-1.683631e+08
-1.695349e+08
-1.706368e+08
-1.716791e+08
-1.726657e+08
-1.735892e+08
-1.744663e+08
-1.752794e+08
-1.760524e+08
-1.767639e+08
-1.774382e+08
-1.780574e+08
-1.786444e+08
-1.791841e+08
-1.796896e+08
-1.801566e+08
-1.805906e+08
-1.809896e+08
-1.813622e+08
-1.817038e+08
-1.820182e+08
-1.823087e+08
-1.825739e+08
-1.828180e+08
-1.830370e+08
-1.832299e+08
-1.834092e+08
-1.835534e+08
-1.836916e+08
-1.837971e+08
-1.838975e+08
-1.839707e+08
-1.840401e+08
-1.840813e+08
-1.841215e+08
-1.841338e+08
-1.841466e+08
-1.841366e+08
-1.841298e+08
-1.841012e+08
-1.840704e+08
-1.840308e+08
-1.839790e+08
-1.839279e+08
-1.838579e+08
-1.837930e+08
-1.837108e+08
-1.836277e+08
