-5.117885e-07
1.966245e+06
2.948055e+06
-1.420348e+06
-7.354146e+06
-1.350409e+07
-1.969392e+07
-2.583687e+07
-3.193365e+07
-3.795557e+07
-4.388051e+07
-4.967240e+07
-5.530836e+07
-6.078550e+07
-6.610779e+07
-7.128274e+07
-7.630714e+07
-8.119235e+07
-8.594784e+07
-9.058933e+07
-9.513130e+07
-9.959552e+07
-1.039737e+08
-1.082670e+08
-1.124649e+08
-1.165613e+08
-1.205549e+08
-1.244495e+08
-1.282350e+08
-1.319208e+08
-1.354849e+08
-1.389673e+08
-1.423476e+08
-1.456294e+08
-1.488363e+08
-1.519304e+08
-1.549550e+08
-1.578734e+08
-1.607074e+08
-1.634397e+08
-1.660518e+08
-1.685692e+08
-1.709540e+08
-1.732459e+08
-1.754014e+08
-1.774637e+08
-1.794006e+08
-1.812427e+08
-1.829808e+08
-1.846171e+08
-1.861725e+08
-1.876237e+08
-1.890081e+08
-1.902936e+08
-1.915186e+08
-1.926573e+08
-1.937360e+08
-1.947449e+08
-1.956891e+08
-1.965716e+08
-1.973854e+08
-1.981486e+08
-1.988389e+08
-1.994873e+08
-2.000644e+08
-2.006099e+08
-2.010928e+08
-2.015431e+08
-2.019395e+08
-2.023064e+08
-2.026372e+08
-2.029256e+08
-2.031893e+08
-2.034182e+08
-2.036097e+08
-2.037753e+08
-2.039079e+08
-2.040173e+08
-2.040988e+08
-2.041619e+08
-2.041865e+08
-2.042074e+08
-2.041871e+08
-2.041688e+08
-2.041145e+08
-2.040669e+08
-2.039784e+08
-2.038976e+08
-2.037925e+08
-2.036850e+08
-2.035489e+08
-2.034242e+08
-2.032699e+08
-2.031121e+08
-2.029531e+08
-2.027679e+08
-2.025960e+08
-2.023915e+08
-2.022037e+08
-2.019940e+08
-2.017819e+08
