3.802384e-06
4.867618e+07
9.441264e+07
1.257105e+08
1.453967e+08
1.613579e+08
1.758953e+08
1.895680e+08
2.026410e+08
2.152071e+08
2.273471e+08
2.391316e+08
2.505689e+08
2.616681e+08
2.724248e+08
2.827992e+08
2.927227e+08
3.022176e+08
3.112812e+08
3.198904e+08
3.280225e+08
3.356788e+08
3.429350e+08
3.497848e+08
3.562804e+08
3.624149e+08
3.682076e+08
3.736488e+08
3.787587e+08
3.834770e+08
3.879728e+08
3.920630e+08
3.959684e+08
3.996267e+08
4.029632e+08
4.062244e+08
4.091426e+08
4.119797e+08
4.145150e+08
4.168947e+08
4.191235e+08
4.210980e+08
4.230330e+08
4.246525e+08
4.262916e+08
4.276274e+08
4.289870e+08
4.301049e+08
4.311854e+08
4.321476e+08
4.329656e+08
4.338012e+08
4.344068e+08
4.350843e+08
4.355408e+08
4.360647e+08
4.364196e+08
4.367815e+08
4.370437e+08
4.372882e+08
4.374943e+08
4.375786e+08
4.377401e+08
4.377313e+08
4.378392e+08
4.377365e+08
4.377484e+08
4.376000e+08
4.375548e+08
4.373868e+08
4.372136e+08
4.370107e+08
4.368576e+08
4.365513e+08
4.364186e+08
4.361176e+08
4.359167e+08
4.356082e+08
4.352197e+08
4.348453e+08
4.345755e+08
4.341805e+08
4.339271e+08
4.334805e+08
4.332244e+08
4.327394e+08
4.324991e+08
4.320221e+08
4.317130e+08
4.312564e+08
4.309717e+08
4.304885e+08
4.301514e+08
4.297422e+08
4.292600e+08
4.289667e+08
4.284537e+08
4.281739e+08
4.276649e+08
4.273284e+08
4.269477e+08
