3.445931e-06
7.325058e+07
1.410883e+08
2.008612e+08
2.549833e+08
3.071480e+08
3.585238e+08
4.095833e+08
4.605273e+08
5.112679e+08
5.618000e+08
6.118596e+08
6.612346e+08
7.093771e+08
7.556362e+08
7.992130e+08
8.393324e+08
8.758093e+08
9.085279e+08
9.378605e+08
9.640885e+08
9.876020e+08
1.008445e+09
1.027299e+09
1.043959e+09
1.058703e+09
1.071830e+09
1.083288e+09
1.093476e+09
1.102661e+09
1.110938e+09
1.118407e+09
1.125160e+09
1.131312e+09
1.136846e+09
1.141858e+09
1.146415e+09
1.150609e+09
1.154383e+09
1.157853e+09
1.161049e+09
1.163923e+09
1.166638e+09
1.169103e+09
1.171430e+09
1.173645e+09
1.175677e+09
1.177637e+09
1.179506e+09
1.181330e+09
1.183034e+09
1.184698e+09
1.186292e+09
1.187822e+09
1.189296e+09
1.190715e+09
1.192089e+09
1.193335e+09
1.194605e+09
1.195894e+09
1.197232e+09
1.198446e+09
1.199563e+09
1.200650e+09
1.201800e+09
1.203029e+09
1.204129e+09
1.205054e+09
1.206254e+09
1.207304e+09
1.208268e+09
1.209182e+09
1.210404e+09
1.211302e+09
1.212330e+09
1.213157e+09
1.214236e+09
1.215249e+09
1.216209e+09
1.217235e+09
1.218215e+09
1.219239e+09
1.220088e+09
1.220967e+09
1.222034e+09
1.222817e+09
1.223804e+09
1.224582e+09
1.225362e+09
1.226403e+09
1.227148e+09
1.228039e+09
1.229093e+09
1.229964e+09
1.230957e+09
1.231797e+09
1.232667e+09
1.233352e+09
1.234308e+09
1.235384e+09
1.236336e+09
