3.226931e-06
-1.180408e+03
-3.825961e+02
5.131089e+03
1.685161e+03
1.025514e+03
9.112069e+03
1.593841e+03
2.321061e+03
2.278331e+04
8.637696e+03
6.842047e+03
2.329120e+03
9.252592e+03
1.451254e+04
-1.052646e+04
1.256083e+04
3.255200e+04
-2.449579e+04
1.550689e+04
1.195629e+04
3.799542e+04
-1.997310e+03
1.256229e+03
1.344991e+03
-1.719472e+04
1.576126e+04
1.457064e+04
-4.563528e+04
-1.406626e+04
-1.353099e+04
-1.353312e+04
-1.780328e+04
-1.547452e+04
3.468323e+04
3.569169e+04
-1.869959e+04
-1.300340e+04
-1.895915e+04
-2.125795e+04
-1.412745e+04
-2.130573e+04
-1.380370e+04
-1.992225e+04
-2.208733e+04
-1.372259e+04
-2.022933e+04
-2.192643e+04
-2.313389e+04
-1.386239e+04
-1.929289e+04
-2.034883e+04
-2.089956e+04
-2.134530e+04
-2.131105e+04
-2.113349e+04
-2.071768e+04
-9.091030e+04
-1.111790e+05
-1.322479e+04
3.823849e+04
3.739935e+04
-1.011906e+04
-1.496900e+04
1.476455e+04
1.023198e+04
2.852216e+03
-9.733490e+04
5.851571e+02
-1.417849e+04
-1.331744e+04
-4.553568e+04
8.674547e+03
-2.648103e+04
-2.172303e+03
-2.074110e+04
-4.057580e+04
-1.376591e+04
-2.570179e+04
8.243948e+03
1.107015e+04
3.517498e+03
-9.509452e+03
-1.630655e+04
2.272001e+04
5.773595e+03
1.443624e+04
-1.178561e+04
8.341627e+03
8.130335e+03
-1.044733e+04
1.231380e+04
1.047122e+04
4.779908e+04
6.097241e+03
3.666303e+04
1.574658e+04
-4.318779e+01
-1.945793e+04
4.509122e+04
-7.068926e+03
