3.543575e-06
7.303074e+07
1.384240e+08
1.902008e+08
2.334312e+08
2.738218e+08
3.129906e+08
3.514889e+08
3.896595e+08
4.274250e+08
4.648324e+08
5.015263e+08
5.374380e+08
5.720012e+08
6.046252e+08
6.347915e+08
6.621652e+08
6.870146e+08
7.093381e+08
7.295866e+08
7.479116e+08
7.645757e+08
7.794639e+08
7.931161e+08
8.052570e+08
8.161246e+08
8.259760e+08
8.345985e+08
8.423399e+08
8.493719e+08
8.557427e+08
8.614907e+08
8.667397e+08
8.716232e+08
8.761034e+08
8.802686e+08
8.841388e+08
8.877618e+08
8.910918e+08
8.942533e+08
8.972588e+08
9.000177e+08
9.026721e+08
9.050992e+08
9.074165e+08
9.096321e+08
9.116489e+08
9.135867e+08
9.154129e+08
9.171541e+08
9.187276e+08
9.202456e+08
9.216878e+08
9.230683e+08
9.243982e+08
9.256847e+08
9.269411e+08
9.280533e+08
9.292395e+08
9.304333e+08
9.316981e+08
9.328263e+08
9.338468e+08
9.348102e+08
9.358632e+08
9.370661e+08
9.380784e+08
9.388675e+08
9.399883e+08
9.409435e+08
9.418265e+08
9.426367e+08
9.438040e+08
9.446238e+08
9.455662e+08
9.463109e+08
9.473870e+08
9.483048e+08
9.491732e+08
9.501257e+08
9.510654e+08
9.520741e+08
9.528517e+08
9.536720e+08
9.547488e+08
9.554570e+08
9.564660e+08
9.572143e+08
9.579322e+08
9.590235e+08
9.597108e+08
9.605493e+08
9.616199e+08
9.624297e+08
9.633797e+08
9.641921e+08
9.650667e+08
9.658320e+08
9.670392e+08
9.683359e+08
9.694512e+08
