3.231538e-09
1.373892e+05
-4.683253e+02
-7.952369e+05
-1.508618e+06
-2.041187e+06
-2.367482e+06
-2.842591e+06
-3.324185e+06
-3.755475e+06
-4.162248e+06
-4.594530e+06
-4.929472e+06
-5.164386e+06
-5.384663e+06
-5.707934e+06
-6.279911e+06
-7.041553e+06
-7.898165e+06
-8.698815e+06
-9.377584e+06
-9.881314e+06
-1.030503e+07
-1.063843e+07
-1.082100e+07
-1.088022e+07
-1.085863e+07
-1.073926e+07
-1.061616e+07
-1.050863e+07
-1.038575e+07
-1.024574e+07
-1.009538e+07
-9.926130e+06
-9.763915e+06
-9.596854e+06
-9.437701e+06
-9.297504e+06
-9.162771e+06
-9.026215e+06
-8.889148e+06
-8.760025e+06
-8.631625e+06
-8.499266e+06
-8.358215e+06
-8.216848e+06
-8.086024e+06
-7.959210e+06
-7.838543e+06
-7.735777e+06
-7.647810e+06
-7.562542e+06
-7.483480e+06
-7.414243e+06
-7.356249e+06
-7.307115e+06
-7.264842e+06
-7.235543e+06
-7.204477e+06
-7.168555e+06
-7.127579e+06
-7.110946e+06
-7.096507e+06
-7.072385e+06
-7.056445e+06
-7.024246e+06
-7.002464e+06
-6.983189e+06
-6.957586e+06
-6.931502e+06
-6.924357e+06
-6.906182e+06
-6.889101e+06
-6.880240e+06
-6.874146e+06
-6.864187e+06
-6.864549e+06
-6.901422e+06
-6.932446e+06
-6.968029e+06
-6.993214e+06
-7.035872e+06
-7.073766e+06
-7.126557e+06
-7.169433e+06
-7.217895e+06
-7.257218e+06
-7.298348e+06
-7.336117e+06
-7.366001e+06
-7.402343e+06
-7.432303e+06
-7.461062e+06
-7.480960e+06
-7.525956e+06
-7.566903e+06
-7.592746e+06
-7.631022e+06
-7.648041e+06
-7.674688e+06
-7.714279e+06
