9.795469e-08
2.809249e+04
-2.431268e+05
-6.558587e+05
-1.033479e+06
-1.464666e+06
-1.919480e+06
-2.328824e+06
-2.674288e+06
-2.943628e+06
-3.171333e+06
-3.416637e+06
-3.662234e+06
-3.916505e+06
-4.240793e+06
-4.613733e+06
-4.963374e+06
-5.181773e+06
-5.264978e+06
-5.215474e+06
-5.058759e+06
-4.825523e+06
-4.570970e+06
-4.350863e+06
-4.193486e+06
-4.076907e+06
-3.989749e+06
-3.903958e+06
-3.819842e+06
-3.732631e+06
-3.620510e+06
-3.498538e+06
-3.391935e+06
-3.312258e+06
-3.258394e+06
-3.225464e+06
-3.227597e+06
-3.261119e+06
-3.313631e+06
-3.377208e+06
-3.438466e+06
-3.492144e+06
-3.528619e+06
-3.549149e+06
-3.545678e+06
-3.523169e+06
-3.490806e+06
-3.446028e+06
-3.391433e+06
-3.323299e+06
-3.238238e+06
-3.132597e+06
-3.013448e+06
-2.886206e+06
-2.754253e+06
-2.619520e+06
-2.484149e+06
-2.360573e+06
-2.224631e+06
-2.091115e+06
-1.952876e+06
-1.814245e+06
-1.679545e+06
-1.554379e+06
-1.426349e+06
-1.278734e+06
-1.151803e+06
-1.038535e+06
-9.220726e+05
-8.143526e+05
-7.036995e+05
-6.055504e+05
-5.027385e+05
-4.020040e+05
-3.074345e+05
-2.180927e+05
-1.321403e+05
-4.643735e+04
3.922261e+04
1.211717e+05
2.113652e+05
3.146163e+05
4.061345e+05
4.899035e+05
5.717372e+05
6.372726e+05
7.083699e+05
7.732140e+05
8.149231e+05
8.791499e+05
9.145134e+05
9.440717e+05
9.954310e+05
1.048595e+06
1.092292e+06
1.135373e+06
1.173607e+06
1.200760e+06
1.194090e+06
1.193252e+06
1.181769e+06
