2.736994e-08
9.117959e+04
8.986475e+04
-1.880724e+05
-5.206971e+05
-1.214139e+06
-1.892741e+06
-2.580028e+06
-3.330156e+06
-4.034770e+06
-4.642347e+06
-5.209999e+06
-5.740233e+06
-6.285567e+06
-6.795651e+06
-7.231561e+06
-7.672535e+06
-8.177121e+06
-8.710555e+06
-9.176304e+06
-9.601488e+06
-1.003109e+07
-1.047195e+07
-1.093173e+07
-1.139137e+07
-1.184280e+07
-1.229071e+07
-1.274296e+07
-1.323885e+07
-1.375829e+07
-1.425505e+07
-1.471987e+07
-1.513457e+07
-1.547942e+07
-1.576898e+07
-1.598911e+07
-1.613950e+07
-1.622843e+07
-1.627433e+07
-1.627612e+07
-1.623871e+07
-1.617147e+07
-1.606985e+07
-1.594739e+07
-1.580421e+07
-1.564794e+07
-1.548991e+07
-1.532645e+07
-1.516260e+07
-1.501207e+07
-1.487678e+07
-1.474425e+07
-1.461129e+07
-1.447209e+07
-1.431806e+07
-1.414743e+07
-1.396506e+07
-1.377696e+07
-1.358539e+07
-1.338748e+07
-1.318153e+07
-1.299477e+07
-1.280992e+07
-1.262164e+07
-1.244959e+07
-1.226912e+07
-1.210890e+07
-1.196825e+07
-1.182902e+07
-1.169443e+07
-1.158024e+07
-1.145172e+07
-1.132751e+07
-1.120328e+07
-1.107833e+07
-1.093976e+07
-1.079658e+07
-1.068227e+07
-1.055099e+07
-1.040902e+07
-1.025090e+07
-1.010112e+07
-9.938062e+06
-9.784091e+06
-9.610806e+06
-9.435778e+06
-9.254386e+06
-9.078231e+06
-8.898384e+06
-8.719208e+06
-8.544616e+06
-8.366970e+06
-8.186793e+06
-7.991276e+06
-7.811920e+06
-7.624337e+06
-7.426181e+06
-7.252723e+06
-7.082432e+06
-6.901564e+06
-6.719636e+06
