3.231538e-09
1.375246e+05
-4.692633e+02
-7.977188e+05
-1.515066e+06
-2.052309e+06
-2.383174e+06
-2.864807e+06
-3.354126e+06
-3.793774e+06
-4.209675e+06
-4.652429e+06
-4.997540e+06
-5.242048e+06
-5.472356e+06
-5.807809e+06
-6.398067e+06
-7.183060e+06
-8.067350e+06
-8.897035e+06
-9.603933e+06
-1.013336e+07
-1.058230e+07
-1.094028e+07
-1.114309e+07
-1.121890e+07
-1.121253e+07
-1.110424e+07
-1.099293e+07
-1.089733e+07
-1.078500e+07
-1.065458e+07
-1.051287e+07
-1.035132e+07
-1.019740e+07
-1.003730e+07
-9.883929e+06
-9.751554e+06
-9.623792e+06
-9.493773e+06
-9.363357e+06
-9.240125e+06
-9.118383e+06
-8.991087e+06
-8.854370e+06
-8.717699e+06
-8.590772e+06
-8.468094e+06
-8.351606e+06
-8.254689e+06
-8.172162e+06
-8.092673e+06
-8.019509e+06
-7.956619e+06
-7.905704e+06
-7.864227e+06
-7.830043e+06
-7.813579e+06
-7.793604e+06
-7.762438e+06
-7.727094e+06
-7.720009e+06
-7.718453e+06
-7.702890e+06
-7.700303e+06
-7.673738e+06
-7.658773e+06
-7.649298e+06
-7.634380e+06
-7.613190e+06
-7.616793e+06
-7.610489e+06
-7.602376e+06
-7.601389e+06
-7.608482e+06
-7.602522e+06
-7.611538e+06
-7.670492e+06
-7.714950e+06
-7.769753e+06
-7.806509e+06
-7.865406e+06
-7.914696e+06
-7.986822e+06
-8.049703e+06
-8.113477e+06
-8.171292e+06
-8.226241e+06
-8.284538e+06
-8.328806e+06
-8.380253e+06
-8.430135e+06
-8.479675e+06
-8.506695e+06
-8.577754e+06
-8.630333e+06
-8.668514e+06
-8.716837e+06
-8.757766e+06
-8.803224e+06
-8.866313e+06
