9.795469e-08
2.809250e+04
-2.431268e+05
-6.558585e+05
-1.033479e+06
-1.464667e+06
-1.919479e+06
-2.328830e+06
-2.674292e+06
-2.943629e+06
-3.171334e+06
-3.416639e+06
-3.662236e+06
-3.916493e+06
-4.240757e+06
-4.613750e+06
-4.963356e+06
-5.181768e+06
-5.264988e+06
-5.215473e+06
-5.058816e+06
-4.825504e+06
-4.570941e+06
-4.350797e+06
-4.193469e+06
-4.076943e+06
-3.989796e+06
-3.904204e+06
-3.820065e+06
-3.732761e+06
-3.620636e+06
-3.498770e+06
-3.392326e+06
-3.312724e+06
-3.258644e+06
-3.225733e+06
-3.228300e+06
-3.261720e+06
-3.314410e+06
-3.378150e+06
-3.439344e+06
-3.493331e+06
-3.529625e+06
-3.550437e+06
-3.547179e+06
-3.524477e+06
-3.492471e+06
-3.447888e+06
-3.393458e+06
-3.324944e+06
-3.240254e+06
-3.134764e+06
-3.015760e+06
-2.888673e+06
-2.756872e+06
-2.622270e+06
-2.486990e+06
-2.360641e+06
-2.224047e+06
-2.091269e+06
-1.953185e+06
-1.815346e+06
-1.681078e+06
-1.554320e+06
-1.423673e+06
-1.278376e+06
-1.152281e+06
-1.039034e+06
-9.209867e+05
-8.123178e+05
-7.036172e+05
-6.056465e+05
-5.018692e+05
-4.021378e+05
-3.073449e+05
-2.185437e+05
-1.320155e+05
-4.595907e+04
3.856749e+04
1.219225e+05
2.137445e+05
3.134323e+05
4.050404e+05
4.880264e+05
5.722001e+05
6.370692e+05
7.088977e+05
7.719122e+05
8.173484e+05
8.788416e+05
9.128923e+05
9.476923e+05
9.977594e+05
1.048926e+06
1.094540e+06
1.135872e+06
1.174298e+06
1.195456e+06
1.195661e+06
1.193964e+06
1.185424e+06
