2.736994e-08
9.108980e+04
8.968395e+04
-1.874873e+05
-5.184809e+05
-1.207568e+06
-1.880277e+06
-2.560019e+06
-3.300436e+06
-3.994043e+06
-4.590049e+06
-5.145170e+06
-5.662042e+06
-6.192479e+06
-6.686864e+06
-7.107070e+06
-7.530963e+06
-8.016031e+06
-8.527868e+06
-8.972004e+06
-9.375209e+06
-9.781610e+06
-1.019769e+07
-1.063055e+07
-1.106228e+07
-1.148502e+07
-1.190261e+07
-1.232331e+07
-1.278449e+07
-1.326721e+07
-1.372682e+07
-1.415418e+07
-1.453218e+07
-1.484202e+07
-1.509781e+07
-1.528656e+07
-1.540839e+07
-1.547078e+07
-1.549218e+07
-1.547156e+07
-1.541361e+07
-1.532771e+07
-1.520919e+07
-1.507152e+07
-1.491465e+07
-1.474570e+07
-1.457576e+07
-1.440108e+07
-1.422654e+07
-1.406483e+07
-1.391798e+07
-1.377400e+07
-1.363007e+07
-1.348077e+07
-1.331805e+07
-1.314031e+07
-1.295219e+07
-1.275797e+07
-1.256206e+07
-1.236194e+07
-1.215564e+07
-1.196593e+07
-1.177683e+07
-1.158787e+07
-1.141195e+07
-1.123137e+07
-1.106904e+07
-1.092475e+07
-1.078131e+07
-1.064500e+07
-1.052520e+07
-1.039301e+07
-1.026531e+07
-1.013936e+07
-1.000970e+07
-9.873882e+06
-9.732747e+06
-9.611906e+06
-9.479799e+06
-9.336867e+06
-9.183986e+06
-9.035998e+06
-8.879607e+06
-8.728495e+06
-8.560608e+06
-8.393687e+06
-8.219854e+06
-8.052737e+06
-7.881118e+06
-7.711287e+06
-7.546904e+06
-7.377728e+06
-7.206242e+06
-7.027736e+06
-6.856376e+06
-6.684774e+06
-6.504088e+06
-6.347176e+06
-6.184942e+06
-6.016935e+06
-5.847632e+06
