3.675026e-06
-2.282753e+00
-7.366218e+02
6.065627e+02
7.567409e+02
8.806027e+02
1.450751e+03
4.488119e+02
5.667154e+02
1.497663e+03
2.253630e+03
3.092101e+03
5.156528e+03
8.561873e+02
4.206631e+03
1.145946e+03
1.478688e+02
-1.401058e+03
2.063020e+03
1.806228e+03
3.428147e+03
-1.362297e+03
-1.150002e+03
-2.153942e+03
1.752409e+03
1.576790e+03
3.085779e+03
-1.476832e+03
-1.332484e+03
-2.727462e+03
1.659033e+03
1.539852e+03
-2.189126e+03
-1.660090e+03
-2.938031e+03
1.850566e+03
1.749157e+03
-2.095353e+03
-1.372932e+03
2.653345e+03
3.271954e+03
3.770314e+03
-2.260021e+03
-2.856196e+03
2.080401e+03
5.888387e+03
-1.416648e+03
-3.965704e+03
2.149961e+03
5.440766e+03
-1.818265e+04
1.273089e+03
-1.211984e+04
-5.246241e+04
-1.334815e+04
5.180855e+03
-3.759983e+03
-4.367685e+03
2.264355e+03
5.475097e+03
-8.205525e+03
-6.178529e+03
1.092035e+04
3.449880e+02
-7.233393e+03
-3.807950e+03
1.000894e+04
8.306914e+03
-4.791634e+03
1.031753e+04
7.883167e+03
3.912122e+03
-3.821481e+03
-1.875882e+03
-2.763241e+03
1.849369e+03
4.732755e+03
-1.659760e+04
3.505575e+03
2.693863e+03
-1.879080e+04
-1.750672e+04
-1.437062e+04
9.672308e+03
4.874460e+03
-1.913568e+04
-1.478411e+03
-1.003663e+03
3.895884e+02
-1.918069e+03
-1.429144e+03
-9.337555e+03
2.505864e+03
1.078331e+04
4.186521e+02
6.058426e+03
1.201567e+03
-2.010936e+03
-4.505088e+02
-2.227768e+03
-2.028302e+04
