-5.347433e-07
4.892961e+07
9.536233e+07
1.245245e+08
1.400701e+08
1.525555e+08
1.643938e+08
1.758100e+08
1.868868e+08
1.976499e+08
2.081441e+08
2.183661e+08
2.283196e+08
2.379817e+08
2.472981e+08
2.562469e+08
2.648069e+08
2.729808e+08
2.807979e+08
2.882503e+08
2.953721e+08
3.021940e+08
3.087647e+08
3.151128e+08
3.212624e+08
3.272112e+08
3.329586e+08
3.384966e+08
3.438420e+08
3.490081e+08
3.540073e+08
3.588333e+08
3.634838e+08
3.679694e+08
3.723053e+08
3.764965e+08
3.805267e+08
3.843865e+08
3.880804e+08
3.916209e+08
3.950286e+08
3.982356e+08
4.012522e+08
4.041336e+08
4.068370e+08
4.093671e+08
4.116745e+08
4.138001e+08
4.157655e+08
4.175397e+08
4.190700e+08
4.204711e+08
4.216522e+08
4.226693e+08
4.235140e+08
4.243147e+08
4.248027e+08
4.252828e+08
4.255833e+08
4.258201e+08
4.259089e+08
4.258651e+08
4.259276e+08
4.257615e+08
4.255281e+08
4.251794e+08
4.249629e+08
4.246083e+08
4.241764e+08
4.238270e+08
4.233156e+08
4.227725e+08
4.222085e+08
4.216948e+08
4.210973e+08
4.205212e+08
4.198600e+08
4.191491e+08
4.185397e+08
4.177956e+08
4.170500e+08
4.162633e+08
4.155046e+08
4.147032e+08
4.138756e+08
4.130281e+08
4.121395e+08
4.112839e+08
4.103010e+08
4.092677e+08
4.082249e+08
4.072112e+08
4.061911e+08
4.052281e+08
4.041076e+08
4.030529e+08
4.019029e+08
4.008040e+08
3.997447e+08
3.985816e+08
3.974097e+08
