-1.908764e-06
-1.837786e+00
2.749751e+02
2.910543e+02
1.443872e+03
2.222177e+03
8.225649e+02
1.448748e+03
8.605431e+02
2.904156e+03
2.392869e+03
3.939433e+03
6.084030e+03
1.010231e+03
5.546588e+03
4.813732e+02
-2.788453e+02
-2.189726e+03
1.986534e+03
1.866874e+03
2.678333e+03
-1.361312e+03
-1.240024e+03
-2.206869e+03
1.996890e+03
2.183278e+03
3.755004e+03
-9.447979e+02
-6.224401e+02
-1.046714e+03
2.319340e+03
2.635643e+03
-1.725116e+03
-1.031549e+03
-1.600701e+03
2.505409e+03
2.965728e+03
-1.740063e+03
-9.807645e+02
3.374771e+03
4.698513e+03
5.383583e+03
-2.278336e+03
-2.616899e+03
2.474304e+03
7.313388e+03
-1.408446e+03
-4.491829e+03
2.343196e+03
6.538851e+03
-1.803412e+04
1.251225e+03
-1.316662e+04
-5.022262e+04
-1.926222e+04
-1.556729e+03
-3.113576e+03
-7.983092e+02
2.097063e+03
6.450040e+03
-8.956228e+03
-3.374112e+03
1.204367e+04
1.393550e+03
-7.279557e+03
-3.147527e+03
5.679045e+03
5.870154e+03
-1.280931e+03
1.188096e+04
9.702175e+03
1.733627e+03
-4.885237e+03
-2.826125e+03
-4.848304e+03
4.144592e+03
6.862834e+03
-1.874166e+04
4.034938e+03
4.350046e+03
-1.979796e+04
-2.281693e+04
-1.795654e+04
1.604721e+04
1.990209e+03
-2.944201e+04
6.236598e+03
1.126428e+03
4.911716e+03
1.260137e+02
-5.610517e+03
-1.397314e+04
-1.166314e+03
6.020835e+03
3.471541e+03
1.003917e+04
4.899450e+03
-2.241472e+03
2.459553e+03
-2.559213e+03
-4.378204e+04
