3.653802e-07
2.798526e+06
4.597138e+06
-7.129792e+05
-8.259236e+06
-1.596526e+07
-2.376480e+07
-3.169251e+07
-3.971404e+07
-4.779314e+07
-5.588989e+07
-6.396536e+07
-7.196583e+07
-7.983902e+07
-8.753262e+07
-9.499731e+07
-1.022301e+08
-1.092695e+08
-1.161697e+08
-1.229885e+08
-1.297622e+08
-1.365100e+08
-1.432409e+08
-1.499565e+08
-1.566540e+08
-1.633272e+08
-1.699699e+08
-1.765732e+08
-1.831272e+08
-1.896232e+08
-1.960578e+08
-2.024294e+08
-2.087386e+08
-2.149857e+08
-2.211645e+08
-2.272706e+08
-2.332958e+08
-2.392352e+08
-2.450853e+08
-2.508392e+08
-2.564813e+08
-2.620181e+08
-2.674339e+08
-2.727067e+08
-2.778249e+08
-2.827703e+08
-2.875381e+08
-2.921082e+08
-2.964588e+08
-3.005826e+08
-3.044903e+08
-3.081360e+08
-3.115480e+08
-3.147229e+08
-3.176557e+08
-3.203309e+08
-3.228071e+08
-3.250541e+08
-3.271082e+08
-3.289745e+08
-3.306880e+08
-3.322386e+08
-3.336302e+08
-3.349117e+08
-3.360802e+08
-3.371547e+08
-3.381085e+08
-3.389951e+08
-3.398090e+08
-3.405429e+08
-3.412330e+08
-3.418663e+08
-3.424473e+08
-3.429766e+08
-3.434729e+08
-3.439269e+08
-3.443555e+08
-3.447482e+08
-3.451010e+08
-3.454371e+08
-3.457473e+08
-3.460360e+08
-3.462923e+08
-3.465270e+08
-3.467376e+08
-3.469280e+08
-3.471020e+08
-3.472423e+08
-3.473733e+08
-3.474835e+08
-3.475577e+08
-3.476014e+08
-3.476176e+08
-3.476017e+08
-3.475799e+08
-3.475092e+08
-3.474215e+08
-3.472934e+08
-3.471371e+08
-3.469577e+08
-3.467423e+08
