2.482686e-06
1.663186e+06
2.025906e+06
-4.033517e+06
-3.325444e+06
-2.616099e+05
3.065362e+06
6.399014e+06
9.706516e+06
1.297593e+07
1.621386e+07
1.939359e+07
2.249538e+07
2.547521e+07
2.828982e+07
3.090627e+07
3.329101e+07
3.543566e+07
3.734367e+07
3.902050e+07
4.048672e+07
4.176841e+07
4.289631e+07
4.389298e+07
4.477927e+07
4.557046e+07
4.627911e+07
4.691519e+07
4.749022e+07
4.801256e+07
4.848856e+07
4.892258e+07
4.931919e+07
4.968652e+07
5.002335e+07
5.033418e+07
5.062202e+07
5.088742e+07
5.113533e+07
5.136382e+07
5.157100e+07
5.175921e+07
5.193247e+07
5.209728e+07
5.225404e+07
5.240806e+07
5.256698e+07
5.273444e+07
5.291257e+07
5.310504e+07
5.331941e+07
5.354640e+07
5.380459e+07
5.408765e+07
5.438233e+07
5.470069e+07
5.503414e+07
5.538626e+07
5.574029e+07
5.610950e+07
5.648215e+07
5.684964e+07
5.722703e+07
5.759642e+07
5.795704e+07
5.830954e+07
5.866009e+07
5.900758e+07
5.934318e+07
5.967109e+07
5.999302e+07
6.030615e+07
6.061396e+07
6.091546e+07
6.120867e+07
6.150543e+07
6.179865e+07
6.210016e+07
6.239892e+07
6.268410e+07
6.299190e+07
6.330284e+07
6.362297e+07
6.393963e+07
6.428096e+07
6.461706e+07
6.496343e+07
6.531080e+07
6.567245e+07
6.605266e+07
6.645691e+07
6.686170e+07
6.726805e+07
6.765505e+07
6.806584e+07
6.847411e+07
6.889290e+07
6.930264e+07
6.971425e+07
7.012193e+07
7.053781e+07
