3.653802e-07
2.796636e+06
4.590952e+06
-7.115558e+05
-8.236693e+06
-1.590961e+07
-2.366402e+07
-3.153435e+07
-3.948625e+07
-4.748358e+07
-5.548660e+07
-6.345668e+07
-7.134050e+07
-7.908632e+07
-8.664245e+07
-9.396040e+07
-1.010378e+08
-1.079132e+08
-1.146409e+08
-1.212784e+08
-1.278619e+08
-1.344104e+08
-1.409328e+08
-1.474308e+08
-1.539015e+08
-1.603391e+08
-1.667373e+08
-1.730874e+08
-1.793797e+08
-1.856057e+08
-1.917623e+08
-1.978479e+08
-2.038633e+08
-2.098088e+08
-2.156786e+08
-2.214684e+08
-2.271706e+08
-2.327803e+08
-2.382945e+08
-2.437065e+08
-2.490014e+08
-2.541859e+08
-2.592448e+08
-2.641570e+08
-2.689117e+08
-2.734918e+08
-2.778927e+08
-2.820954e+08
-2.860797e+08
-2.898387e+08
-2.933832e+08
-2.966696e+08
-2.997257e+08
-3.025486e+08
-3.051344e+08
-3.074687e+08
-3.096081e+08
-3.115241e+08
-3.132524e+08
-3.147981e+08
-3.161949e+08
-3.174336e+08
-3.185186e+08
-3.194967e+08
-3.203653e+08
-3.211428e+08
-3.218041e+08
-3.224003e+08
-3.229264e+08
-3.233753e+08
-3.237819e+08
-3.241338e+08
-3.244353e+08
-3.246872e+08
-3.249071e+08
-3.250866e+08
-3.252414e+08
-3.253618e+08
-3.254443e+08
-3.255106e+08
-3.255517e+08
-3.255724e+08
-3.255621e+08
-3.255311e+08
-3.254771e+08
-3.254041e+08
-3.253154e+08
-3.251946e+08
-3.250650e+08
-3.249157e+08
-3.247323e+08
-3.245201e+08
-3.242825e+08
-3.240150e+08
-3.237421e+08
-3.234231e+08
-3.230893e+08
-3.227172e+08
-3.223201e+08
-3.219016e+08
-3.214498e+08
