-7.934021e-07
2.201278e+06
3.402559e+06
-2.183445e+06
-9.634388e+06
-1.686551e+07
-2.374534e+07
-3.032400e+07
-3.664011e+07
-4.273837e+07
-4.866709e+07
-5.448047e+07
-6.024165e+07
-6.600256e+07
-7.182455e+07
-7.775824e+07
-8.380223e+07
-8.991240e+07
-9.602586e+07
-1.020899e+08
-1.080807e+08
-1.139857e+08
-1.198011e+08
-1.255267e+08
-1.311628e+08
-1.367057e+08
-1.421533e+08
-1.475058e+08
-1.527676e+08
-1.579415e+08
-1.630297e+08
-1.680315e+08
-1.729487e+08
-1.777840e+08
-1.825301e+08
-1.871842e+08
-1.917377e+08
-1.961894e+08
-2.005432e+08
-2.047942e+08
-2.089277e+08
-2.129488e+08
-2.168520e+08
-2.206278e+08
-2.242643e+08
-2.277505e+08
-2.310889e+08
-2.342731e+08
-2.372876e+08
-2.401294e+08
-2.428092e+08
-2.453073e+08
-2.476291e+08
-2.497848e+08
-2.517562e+08
-2.535782e+08
-2.552152e+08
-2.567232e+08
-2.580789e+08
-2.593075e+08
-2.604223e+08
-2.614057e+08
-2.623107e+08
-2.631050e+08
-2.638054e+08
-2.644202e+08
-2.649831e+08
-2.654772e+08
-2.659006e+08
-2.662849e+08
-2.666105e+08
-2.668857e+08
-2.671214e+08
-2.673315e+08
-2.675027e+08
-2.676404e+08
-2.677613e+08
-2.678535e+08
-2.679311e+08
-2.679664e+08
-2.680111e+08
-2.680333e+08
-2.680436e+08
-2.680310e+08
-2.680216e+08
-2.679883e+08
-2.679435e+08
-2.678892e+08
-2.678221e+08
-2.677445e+08
-2.676667e+08
-2.675724e+08
-2.674567e+08
-2.673247e+08
-2.671736e+08
-2.670107e+08
-2.668235e+08
-2.666321e+08
-2.663998e+08
-2.661617e+08
-2.659070e+08
