2.482686e-06
1.663205e+06
2.025918e+06
-4.033163e+06
-3.325246e+06
-2.616118e+05
3.065578e+06
6.399808e+06
9.708153e+06
1.297861e+07
1.621773e+07
1.939880e+07
2.250211e+07
2.548371e+07
2.830045e+07
3.091944e+07
3.330707e+07
3.545481e+07
3.736589e+07
3.904569e+07
4.051461e+07
4.179869e+07
4.292861e+07
4.392702e+07
4.481480e+07
4.560739e+07
4.631732e+07
4.695463e+07
4.753080e+07
4.805431e+07
4.853151e+07
4.896689e+07
4.936503e+07
4.973379e+07
5.007216e+07
5.038463e+07
5.067434e+07
5.094181e+07
5.119172e+07
5.142224e+07
5.163183e+07
5.182253e+07
5.199840e+07
5.216586e+07
5.232543e+07
5.248254e+07
5.264465e+07
5.281534e+07
5.299692e+07
5.319311e+07
5.341130e+07
5.364246e+07
5.390476e+07
5.419203e+07
5.449124e+07
5.481439e+07
5.515274e+07
5.550975e+07
5.586893e+07
5.624346e+07
5.662151e+07
5.699444e+07
5.737729e+07
5.775242e+07
5.811891e+07
5.847712e+07
5.883349e+07
5.918703e+07
5.952853e+07
5.986243e+07
6.019057e+07
6.051003e+07
6.082436e+07
6.113208e+07
6.143182e+07
6.173513e+07
6.203507e+07
6.234360e+07
6.264925e+07
6.294173e+07
6.325698e+07
6.357542e+07
6.390336e+07
6.422783e+07
6.457752e+07
6.492222e+07
6.527701e+07
6.563292e+07
6.600427e+07
6.639404e+07
6.680820e+07
6.722286e+07
6.763988e+07
6.803718e+07
6.845852e+07
6.887813e+07
6.930856e+07
6.972973e+07
7.015290e+07
7.057263e+07
7.100064e+07
