-7.934021e-07
2.202740e+06
3.407124e+06
-2.188005e+06
-9.661331e+06
-1.692438e+07
-2.384479e+07
-3.047231e+07
-3.684527e+07
-4.300814e+07
-4.900911e+07
-5.490246e+07
-6.075152e+07
-6.660849e+07
-7.253521e+07
-7.858287e+07
-8.475030e+07
-9.099329e+07
-9.724847e+07
-1.034626e+08
-1.096115e+08
-1.156825e+08
-1.216715e+08
-1.275783e+08
-1.334026e+08
-1.391405e+08
-1.447897e+08
-1.503502e+08
-1.558261e+08
-1.612200e+08
-1.665340e+08
-1.717669e+08
-1.769205e+08
-1.819976e+08
-1.869903e+08
-1.918956e+08
-1.967041e+08
-2.014145e+08
-2.060310e+08
-2.105483e+08
-2.149501e+08
-2.192422e+08
-2.234185e+08
-2.274692e+08
-2.313814e+08
-2.351430e+08
-2.387572e+08
-2.422168e+08
-2.455051e+08
-2.486184e+08
-2.515682e+08
-2.543329e+08
-2.569186e+08
-2.593354e+08
-2.615630e+08
-2.636382e+08
-2.655235e+08
-2.672770e+08
-2.688738e+08
-2.703396e+08
-2.716888e+08
-2.729024e+08
-2.740360e+08
-2.750541e+08
-2.759757e+08
-2.768084e+08
-2.775880e+08
-2.782958e+08
-2.789305e+08
-2.795253e+08
-2.800577e+08
-2.805379e+08
-2.809765e+08
-2.813893e+08
-2.817614e+08
-2.820976e+08
-2.824165e+08
-2.827052e+08
-2.829783e+08
-2.832064e+08
-2.834449e+08
-2.836592e+08
-2.838606e+08
-2.840375e+08
-2.842177e+08
-2.843720e+08
-2.845142e+08
-2.846462e+08
-2.847634e+08
-2.848695e+08
-2.849745e+08
-2.850628e+08
-2.851264e+08
-2.851736e+08
-2.851991e+08
-2.852123e+08
-2.851978e+08
-2.851800e+08
-2.851167e+08
-2.850473e+08
-2.849601e+08
