3.226931e-06
-1.021510e+01
6.657208e+02
5.524944e+03
3.270214e+03
6.930462e+03
1.028722e+04
4.252982e+03
1.230767e+03
6.372349e+03
1.256055e+03
-1.462208e+03
1.132103e+03
7.220580e+02
9.389321e+02
9.187104e+02
3.664223e+03
1.248919e+03
3.585804e+03
-2.630857e+02
-3.554111e+03
6.561650e+02
-3.605586e+03
1.209157e+03
-1.235687e+02
-2.953002e+02
-1.726207e+03
-6.073551e+02
7.492327e+02
-1.508762e+03
1.329120e+03
5.220273e+03
-7.075608e+03
1.411577e+02
1.779643e+02
-7.627817e+02
1.059382e+03
-1.343284e+03
-6.409589e+02
3.855697e+02
-1.421875e+03
1.642923e+03
-2.035658e+03
-6.758326e+03
5.192072e+02
-2.645727e+03
2.648105e+03
-2.795232e+03
3.250605e+03
4.754687e+03
-9.268886e+02
1.565241e+03
-3.028576e+03
2.550183e+03
-3.568693e+03
-5.573203e+03
6.178342e+03
-1.221375e+03
2.248919e+03
-2.787352e+03
2.893006e+03
-3.029893e+03
-6.675074e+03
1.032898e+02
-1.392722e+03
2.369116e+03
-2.857943e+03
-4.064358e+03
2.188305e+03
9.161230e+03
-1.371462e+04
-2.005004e+04
5.814804e+03
-3.846506e+03
-2.190387e+03
1.639166e+03
-1.826934e+04
-9.711041e+02
2.936090e+03
2.748460e+03
8.910858e+03
5.896463e+01
-3.965220e+03
-9.780159e+02
-3.052416e+03
1.019573e+04
1.113583e+04
3.082399e+03
-2.431497e+02
1.446033e+04
1.497845e+03
-2.942296e+03
5.282335e+03
1.288330e+03
1.671159e+03
-4.082753e+04
-4.684399e+02
2.117512e+03
-2.799810e+03
-6.183764e+03
1.115677e+03
