3.445931e-06
-7.709844e+00
1.658789e+03
7.234665e+03
3.617834e+03
4.250345e+03
8.275670e+03
1.399448e+03
4.118978e+03
1.340942e+04
2.261578e+03
9.628925e+03
2.562727e+03
2.064214e+03
3.564856e+03
2.913777e+03
4.456289e+03
1.490908e+04
3.683201e+03
2.652643e+03
1.568161e+04
7.109519e+02
1.160468e+04
6.012001e+03
1.837797e+03
2.786234e+03
2.954984e+03
8.617680e+02
-2.226824e+03
5.559388e+03
-8.030807e+03
-1.298587e+04
1.845435e+04
-4.582532e+03
8.184604e+03
-9.606168e+03
1.095529e+04
-1.067074e+04
-1.883629e+04
2.560617e+03
-7.451295e+03
7.272198e+03
-8.491496e+03
-1.464907e+04
1.760171e+03
-6.864375e+03
8.673463e+03
-8.102745e+03
1.080070e+04
8.918386e+03
-1.986618e+03
7.023864e+03
-9.042354e+03
8.051119e+03
-1.049641e+04
-8.344066e+03
1.470284e+04
-3.357878e+03
7.374993e+03
-8.821814e+03
9.379604e+03
-9.163075e+03
-1.309203e+04
7.450740e+02
-4.833746e+03
7.529941e+03
-9.099278e+03
-6.099901e+03
5.050227e+03
-1.537920e+04
-1.434599e+03
-1.058439e+04
6.855332e+03
-5.185814e+03
-1.976110e+04
2.197706e+03
-7.375219e+04
-8.747592e+03
5.435914e+03
-1.657700e+04
4.090531e+03
5.806882e+03
3.510121e+03
-4.530174e+03
-3.030401e+04
1.861905e+04
1.091712e+04
7.828858e+03
-2.662982e+04
1.619322e+04
-1.048214e+04
3.236810e+03
-2.288662e+04
1.428673e+04
-5.926298e+03
-1.039118e+05
-3.143755e+03
8.267900e+03
-1.456139e+04
-3.687134e+04
3.702209e+03
