3.543575e-06
4.812655e+07
9.333391e+07
1.328425e+08
1.664692e+08
1.958814e+08
2.230318e+08
2.487086e+08
2.732018e+08
2.967375e+08
3.194863e+08
3.416078e+08
3.631915e+08
3.842416e+08
4.047711e+08
4.246506e+08
4.436634e+08
4.616329e+08
4.783786e+08
4.938649e+08
5.080204e+08
5.208122e+08
5.323094e+08
5.425470e+08
5.516738e+08
5.598166e+08
5.670481e+08
5.734918e+08
5.792378e+08
5.843816e+08
5.889569e+08
5.930575e+08
5.967672e+08
5.999717e+08
6.029770e+08
6.055193e+08
6.079306e+08
6.099790e+08
6.118055e+08
6.135337e+08
6.149998e+08
6.164070e+08
6.176619e+08
6.187458e+08
6.198325e+08
6.207002e+08
6.216691e+08
6.223867e+08
6.231390e+08
6.237864e+08
6.243584e+08
6.249754e+08
6.253533e+08
6.258701e+08
6.262364e+08
6.266098e+08
6.269805e+08
6.271790e+08
6.275111e+08
6.276626e+08
6.279382e+08
6.280857e+08
6.282022e+08
6.283731e+08
6.284188e+08
6.286006e+08
6.285900e+08
6.286693e+08
6.287914e+08
6.286798e+08
6.287696e+08
6.287650e+08
6.287791e+08
6.287470e+08
6.286073e+08
6.287185e+08
6.284930e+08
6.283417e+08
6.284207e+08
6.282772e+08
6.282236e+08
6.281109e+08
6.279519e+08
6.278570e+08
6.277107e+08
6.277259e+08
6.274779e+08
6.273796e+08
6.271155e+08
6.270181e+08
6.268245e+08
6.268243e+08
6.265826e+08
6.265857e+08
6.262558e+08
6.261134e+08
6.259488e+08
6.258857e+08
6.256606e+08
6.254021e+08
6.253420e+08
