9.795469e-08
1.081717e+04
-1.098010e+05
-2.107296e+05
-2.202780e+05
-1.459172e+05
-4.090988e+04
5.638073e+04
1.171413e+05
1.758859e+05
2.046517e+05
2.201608e+05
2.646739e+05
3.497462e+05
4.621146e+05
5.942960e+05
7.366499e+05
8.741909e+05
9.858414e+05
1.052983e+06
1.070494e+06
1.035188e+06
9.483869e+05
8.235908e+05
6.839060e+05
5.209986e+05
3.221601e+05
9.084978e+04
-1.620827e+05
-4.277752e+05
-7.003176e+05
-9.743000e+05
-1.247021e+06
-1.522445e+06
-1.793966e+06
-2.062462e+06
-2.323052e+06
-2.571278e+06
-2.827331e+06
-3.070411e+06
-3.318958e+06
-3.563963e+06
-3.800624e+06
-4.044726e+06
-4.265969e+06
-4.480683e+06
-4.668268e+06
-4.841850e+06
-4.997938e+06
-5.128024e+06
-5.248135e+06
-5.345102e+06
-5.440012e+06
-5.516368e+06
-5.580883e+06
-5.643688e+06
-5.690268e+06
-5.742099e+06
-5.775004e+06
-5.806051e+06
-5.828640e+06
-5.843786e+06
-5.866926e+06
-5.878075e+06
-5.896508e+06
-5.905364e+06
-5.920935e+06
-5.933443e+06
-5.942404e+06
-5.951136e+06
-5.959854e+06
-5.963960e+06
-5.970681e+06
-5.974894e+06
-5.977577e+06
-5.976837e+06
-5.976779e+06
-5.977558e+06
-5.976652e+06
-5.969561e+06
-5.964919e+06
-5.956798e+06
-5.943329e+06
-5.933133e+06
-5.916181e+06
-5.900777e+06
-5.879350e+06
-5.858173e+06
-5.833379e+06
-5.812255e+06
-5.784281e+06
-5.752838e+06
-5.721271e+06
-5.691929e+06
-5.658662e+06
-5.629542e+06
-5.594323e+06
-5.556577e+06
-5.519058e+06
-5.476910e+06
-5.439908e+06
