9.795469e-08
1.080992e+04
-1.096531e+05
-2.102988e+05
-2.196719e+05
-1.454129e+05
-4.073905e+04
5.610662e+04
1.164890e+05
1.747757e+05
2.032089e+05
2.184508e+05
2.624257e+05
3.465171e+05
4.574877e+05
5.878877e+05
7.281505e+05
8.634298e+05
9.729290e+05
1.038354e+06
1.054751e+06
1.019121e+06
9.328761e+05
8.094466e+05
6.716085e+05
5.112248e+05
3.158234e+05
8.897690e+04
-1.585683e+05
-4.182024e+05
-6.839802e+05
-9.508424e+05
-1.215817e+06
-1.483074e+06
-1.746031e+06
-2.005377e+06
-2.256959e+06
-2.495400e+06
-2.741907e+06
-2.974697e+06
-3.212516e+06
-3.446850e+06
-3.671766e+06
-3.904668e+06
-4.114172e+06
-4.317402e+06
-4.494110e+06
-4.656553e+06
-4.803087e+06
-4.922821e+06
-5.033835e+06
-5.122058e+06
-5.208152e+06
-5.276907e+06
-5.332781e+06
-5.388755e+06
-5.427570e+06
-5.472529e+06
-5.498859e+06
-5.522916e+06
-5.540107e+06
-5.548205e+06
-5.566253e+06
-5.571170e+06
-5.583703e+06
-5.587057e+06
-5.596218e+06
-5.603212e+06
-5.606764e+06
-5.609557e+06
-5.612831e+06
-5.611726e+06
-5.612803e+06
-5.611375e+06
-5.608849e+06
-5.602768e+06
-5.598063e+06
-5.593694e+06
-5.587575e+06
-5.576018e+06
-5.566561e+06
-5.554462e+06
-5.536016e+06
-5.521183e+06
-5.501251e+06
-5.481907e+06
-5.457012e+06
-5.432505e+06
-5.404712e+06
-5.380026e+06
-5.349357e+06
-5.315726e+06
-5.281584e+06
-5.249906e+06
-5.214051e+06
-5.183162e+06
-5.145916e+06
-5.106625e+06
-5.067501e+06
-5.024306e+06
-4.986080e+06
