2.736994e-08
3.174626e+04
9.434147e+04
2.406205e+04
-2.800608e+04
2.262845e+04
4.898621e+04
4.171618e+04
2.790008e+04
2.203084e+04
1.221075e+04
4.883520e+02
-3.139598e+04
-5.137190e+04
-3.347021e+04
-2.196127e+04
-4.331576e+04
-6.771309e+04
-7.706069e+04
-8.065838e+04
-9.413009e+04
-1.083528e+05
-1.055532e+05
-1.118257e+05
-1.578367e+05
-2.457438e+05
-3.483466e+05
-4.539778e+05
-5.529658e+05
-6.375637e+05
-7.209785e+05
-7.866320e+05
-8.739461e+05
-9.402336e+05
-1.022012e+06
-1.085084e+06
-1.147788e+06
-1.215717e+06
-1.273998e+06
-1.345118e+06
-1.413108e+06
-1.492543e+06
-1.569429e+06
-1.666484e+06
-1.746967e+06
-1.835161e+06
-1.908415e+06
-1.985549e+06
-2.070195e+06
-2.141021e+06
-2.228969e+06
-2.306381e+06
-2.403517e+06
-2.493503e+06
-2.583756e+06
-2.687466e+06
-2.779838e+06
-2.891789e+06
-2.988023e+06
-3.091649e+06
-3.188432e+06
-3.278043e+06
-3.374896e+06
-3.455370e+06
-3.543040e+06
-3.616897e+06
-3.695714e+06
-3.766618e+06
-3.832699e+06
-3.899077e+06
-3.962944e+06
-4.026871e+06
-4.088030e+06
-4.142222e+06
-4.198027e+06
-4.238118e+06
-4.291821e+06
-4.332049e+06
-4.366650e+06
-4.400760e+06
-4.433087e+06
-4.460698e+06
-4.482702e+06
-4.514927e+06
-4.532899e+06
-4.551963e+06
-4.566783e+06
-4.580181e+06
-4.594247e+06
-4.602175e+06
-4.607066e+06
-4.605640e+06
-4.610571e+06
-4.605241e+06
-4.602932e+06
-4.599197e+06
-4.592352e+06
-4.585070e+06
-4.575807e+06
-4.562384e+06
-4.551360e+06
