3.231538e-09
1.207900e+05
1.784138e+05
-1.790209e+05
-6.694212e+05
-1.036413e+06
-1.387262e+06
-1.701786e+06
-1.955868e+06
-2.183807e+06
-2.431383e+06
-2.732333e+06
-3.064991e+06
-3.424008e+06
-3.770178e+06
-4.100147e+06
-4.449813e+06
-4.814032e+06
-5.163417e+06
-5.503124e+06
-5.857067e+06
-6.222602e+06
-6.581822e+06
-6.912997e+06
-7.193447e+06
-7.417608e+06
-7.579721e+06
-7.665316e+06
-7.689532e+06
-7.673421e+06
-7.634608e+06
-7.578432e+06
-7.514692e+06
-7.457626e+06
-7.418931e+06
-7.398656e+06
-7.420238e+06
-7.439591e+06
-7.533346e+06
-7.607614e+06
-7.727043e+06
-7.863753e+06
-7.978974e+06
-8.153268e+06
-8.287234e+06
-8.457905e+06
-8.602054e+06
-8.752522e+06
-8.912987e+06
-9.033906e+06
-9.176015e+06
-9.286608e+06
-9.418725e+06
-9.535025e+06
-9.635564e+06
-9.760461e+06
-9.849166e+06
-9.973269e+06
-1.006223e+07
-1.015835e+07
-1.024819e+07
-1.031486e+07
-1.041256e+07
-1.047221e+07
-1.055427e+07
-1.061130e+07
-1.068053e+07
-1.074329e+07
-1.079877e+07
-1.085019e+07
-1.089819e+07
-1.094247e+07
-1.098531e+07
-1.101384e+07
-1.104599e+07
-1.106554e+07
-1.109551e+07
-1.111477e+07
-1.113099e+07
-1.114179e+07
-1.115480e+07
-1.116547e+07
-1.116906e+07
-1.118836e+07
-1.119870e+07
-1.121061e+07
-1.121513e+07
-1.122873e+07
-1.123888e+07
-1.125315e+07
-1.126802e+07
-1.127933e+07
-1.129637e+07
-1.131129e+07
-1.131675e+07
-1.133998e+07
-1.135785e+07
-1.138313e+07
-1.140384e+07
-1.142411e+07
-1.145436e+07
