3.231538e-09
1.207100e+05
1.781773e+05
-1.786653e+05
-6.676434e+05
-1.032954e+06
-1.381677e+06
-1.693759e+06
-1.945295e+06
-2.170507e+06
-2.414930e+06
-2.712008e+06
-3.040154e+06
-3.394015e+06
-3.734695e+06
-4.058923e+06
-4.402240e+06
-4.759515e+06
-5.101729e+06
-5.433969e+06
-5.779907e+06
-6.136872e+06
-6.487233e+06
-6.809560e+06
-7.081626e+06
-7.298021e+06
-7.453221e+06
-7.533080e+06
-7.552551e+06
-7.532501e+06
-7.490060e+06
-7.430864e+06
-7.364142e+06
-7.304227e+06
-7.262169e+06
-7.238464e+06
-7.255206e+06
-7.270761e+06
-7.357574e+06
-7.426300e+06
-7.538895e+06
-7.667337e+06
-7.776637e+06
-7.940915e+06
-8.067463e+06
-8.228935e+06
-8.364442e+06
-8.506795e+06
-8.656715e+06
-8.770540e+06
-8.903214e+06
-9.005731e+06
-9.129033e+06
-9.235957e+06
-9.329698e+06
-9.444233e+06
-9.525821e+06
-9.639924e+06
-9.720607e+06
-9.808820e+06
-9.889075e+06
-9.949802e+06
-1.003701e+07
-1.008985e+07
-1.016319e+07
-1.021252e+07
-1.027427e+07
-1.032870e+07
-1.037606e+07
-1.042040e+07
-1.046063e+07
-1.049787e+07
-1.053313e+07
-1.055482e+07
-1.058007e+07
-1.059318e+07
-1.061594e+07
-1.062892e+07
-1.063808e+07
-1.064348e+07
-1.065009e+07
-1.065370e+07
-1.065289e+07
-1.066550e+07
-1.066907e+07
-1.067443e+07
-1.067345e+07
-1.068055e+07
-1.068414e+07
-1.069240e+07
-1.070080e+07
-1.070551e+07
-1.071617e+07
-1.072433e+07
-1.072509e+07
-1.074007e+07
-1.075136e+07
-1.076959e+07
-1.078302e+07
-1.079690e+07
-1.081892e+07
