2.736994e-08
3.174601e+04
9.433952e+04
2.406068e+04
-2.800339e+04
2.262585e+04
4.897889e+04
4.170995e+04
2.789490e+04
2.202820e+04
1.220961e+04
4.881800e+02
-3.138280e+04
-5.134702e+04
-3.344590e+04
-2.194853e+04
-4.328155e+04
-6.764512e+04
-7.696367e+04
-8.054889e+04
-9.397460e+04
-1.081745e+05
-1.053670e+05
-1.116203e+05
-1.575223e+05
-2.451579e+05
-3.473709e+05
-4.524453e+05
-5.509814e+05
-6.350072e+05
-7.179699e+05
-7.829135e+05
-8.696266e+05
-9.351574e+05
-1.016099e+06
-1.078577e+06
-1.140262e+06
-1.207603e+06
-1.264811e+06
-1.335039e+06
-1.401987e+06
-1.480300e+06
-1.555842e+06
-1.651687e+06
-1.730724e+06
-1.817476e+06
-1.889368e+06
-1.964768e+06
-2.048282e+06
-2.117105e+06
-2.203453e+06
-2.279066e+06
-2.374127e+06
-2.462387e+06
-2.549972e+06
-2.651900e+06
-2.741605e+06
-2.851284e+06
-2.945048e+06
-3.045788e+06
-3.140379e+06
-3.226721e+06
-3.321493e+06
-3.399106e+06
-3.484136e+06
-3.555443e+06
-3.631338e+06
-3.699738e+06
-3.763362e+06
-3.826901e+06
-3.888275e+06
-3.949451e+06
-4.007892e+06
-4.059472e+06
-4.112620e+06
-4.150073e+06
-4.201403e+06
-4.239168e+06
-4.271558e+06
-4.303162e+06
-4.333166e+06
-4.359145e+06
-4.377856e+06
-4.407915e+06
-4.424208e+06
-4.441211e+06
-4.453998e+06
-4.465391e+06
-4.477521e+06
-4.483556e+06
-4.486623e+06
-4.483587e+06
-4.486773e+06
-4.479981e+06
-4.475575e+06
-4.470756e+06
-4.462475e+06
-4.453829e+06
-4.443320e+06
-4.428472e+06
-4.416579e+06
