3.675026e-06
-3.466623e+00
1.514506e+03
1.159989e+03
1.110567e+03
5.669645e+02
1.577159e+03
8.999305e+02
4.273556e+02
2.968551e+03
8.629432e+02
3.449718e+02
7.332529e+02
8.324783e+02
7.711020e+02
7.830765e+02
9.270806e+02
1.243575e+03
1.934228e+03
3.155520e+03
5.523286e+03
3.641497e+03
4.796081e+03
6.101020e+03
6.757842e+03
2.599597e+03
3.829379e+03
1.053026e+03
3.131562e+03
-8.468673e+03
1.673689e+03
8.379959e+03
-1.498835e+03
4.977575e+03
1.831255e+04
-1.717556e+03
-2.012349e+04
2.515085e+03
-5.204804e+03
-1.054756e+04
-1.047638e+04
1.309131e+04
-4.358097e+03
7.016181e+03
2.864517e+03
1.353205e+03
3.233125e+02
-6.132838e+03
8.785339e+03
2.681153e+03
1.539215e+03
-8.234333e+01
6.365863e+01
1.301185e+04
2.218437e+04
-5.528910e+02
1.538457e+04
-9.002595e+03
-7.516401e+03
-4.014187e+04
-3.790720e+03
8.111440e+03
-1.845605e+04
4.566321e+03
9.610769e+02
-3.951098e+03
-1.277385e+04
7.787851e+03
4.118340e+04
3.413465e+03
-3.474923e+03
-2.603195e+03
-1.812505e+04
3.475094e+04
2.237027e+03
-3.181701e+04
-1.473331e+04
7.304387e+03
1.997244e+03
-1.675393e+03
-3.582325e+03
4.120812e+03
-2.544684e+03
-9.658766e+04
-1.247803e+04
-3.943598e+04
4.598464e+03
7.617555e+03
-6.894777e+04
1.414483e+03
1.576334e+03
-3.122365e+04
-2.193177e+04
-1.066474e+04
-1.627858e+02
3.373925e+03
2.603814e+03
2.222919e+03
-1.076755e+04
-1.332113e+04
1.423389e+03
