-7.934021e-07
-1.804342e+05
-3.641392e+05
-5.552311e+05
-7.380363e+05
-9.070789e+05
-1.102503e+06
-1.597412e+06
-2.597016e+06
-3.711488e+06
-4.786229e+06
-5.814253e+06
-6.803165e+06
-7.761213e+06
-8.695392e+06
-9.614628e+06
-1.053126e+07
-1.146578e+07
-1.246104e+07
-1.360671e+07
-1.505450e+07
-1.708325e+07
-1.994394e+07
-2.376830e+07
-2.838001e+07
-3.341666e+07
-3.857277e+07
-4.364232e+07
-4.848643e+07
-5.301420e+07
-5.724129e+07
-6.117578e+07
-6.479981e+07
-6.814907e+07
-7.124233e+07
-7.410195e+07
-7.674120e+07
-7.917017e+07
-8.144393e+07
-8.350868e+07
-8.547094e+07
-8.725323e+07
-8.894527e+07
-9.048186e+07
-9.195773e+07
-9.330967e+07
-9.456580e+07
-9.578540e+07
-9.693501e+07
-9.802080e+07
-9.903496e+07
-9.998768e+07
-1.009047e+08
-1.018278e+08
-1.026767e+08
-1.034748e+08
-1.042545e+08
-1.049994e+08
-1.057302e+08
-1.064137e+08
-1.071370e+08
-1.077858e+08
-1.084225e+08
-1.090753e+08
-1.096991e+08
-1.102747e+08
-1.108758e+08
-1.114790e+08
-1.120361e+08
-1.126363e+08
-1.131680e+08
-1.137431e+08
-1.142705e+08
-1.148496e+08
-1.153606e+08
-1.158990e+08
-1.164187e+08
-1.169418e+08
-1.174654e+08
-1.179887e+08
-1.184972e+08
-1.190265e+08
-1.195071e+08
-1.200086e+08
-1.205059e+08
-1.210312e+08
-1.214955e+08
-1.220389e+08
-1.224999e+08
-1.229763e+08
-1.234781e+08
-1.239626e+08
-1.244260e+08
-1.249103e+08
-1.253913e+08
-1.258735e+08
-1.263159e+08
-1.268220e+08
-1.272603e+08
-1.277330e+08
-1.281919e+08
