-5.347433e-07
-3.481014e-01
2.548193e+03
1.562475e+03
1.075861e+03
5.147258e+02
2.205081e+03
1.968037e+03
6.085920e+02
3.060241e+03
8.085595e+02
2.853677e+02
7.529830e+02
8.223217e+02
6.126752e+02
4.854174e+02
4.901821e+02
6.573960e+02
1.080073e+03
1.842568e+03
3.018556e+03
1.666635e+03
1.520888e+03
1.996685e+03
1.195274e+03
5.494586e+02
-8.203218e+02
1.775653e+02
2.016360e+02
1.298346e+04
2.192857e+02
4.773202e+03
7.142711e+02
-3.288111e+03
-1.834177e+04
1.725340e+03
1.680657e+04
-2.842650e+02
-1.155212e+03
-7.647772e+03
3.881092e+03
-1.223658e+04
1.297310e+03
-1.447891e+03
-1.255082e+02
-2.296821e+02
-2.664532e+02
3.864159e+02
-7.107246e+02
-3.938405e+02
-3.444083e+02
-3.209023e+02
-4.190818e+02
-1.973349e+03
4.265570e+03
-1.218848e+02
-1.075731e+04
2.001516e+03
9.650679e+02
-6.450112e+02
-9.977418e+01
-1.163286e+02
-3.850858e+03
-1.994370e+03
-9.451440e+02
1.487769e+03
2.464994e+03
-7.260834e+02
3.506841e+03
6.038003e+02
1.912572e+03
3.265447e+02
-2.019911e+03
1.313064e+03
-1.421904e+03
-5.462286e+03
-3.722437e+03
-7.227009e+02
-1.192981e+03
-3.793570e+02
-7.687919e+02
1.229974e+03
2.303622e+03
-7.571434e+03
1.227165e+04
-4.904130e+03
1.348049e+03
-2.353335e+03
-2.238328e+03
-5.663018e+02
-2.495628e+03
-4.036633e+03
-7.862222e+02
-1.865516e+03
2.342892e+02
-7.675972e+03
-4.123281e+02
9.038353e+02
1.931103e+03
-1.093873e+03
1.974184e+02
