-1.908764e-06
4.631683e+07
9.213161e+07
1.370728e+08
1.813235e+08
2.251249e+08
2.685671e+08
3.106441e+08
3.505427e+08
3.896423e+08
4.285701e+08
4.674398e+08
5.062832e+08
5.451016e+08
5.838875e+08
6.226424e+08
6.613475e+08
6.999345e+08
7.382379e+08
7.758975e+08
8.122731e+08
8.461186e+08
8.758902e+08
9.002191e+08
9.187781e+08
9.323571e+08
9.422106e+08
9.494995e+08
9.550648e+08
9.593638e+08
9.628179e+08
9.656707e+08
9.680245e+08
9.700150e+08
9.717328e+08
9.731748e+08
9.744011e+08
9.754894e+08
9.764204e+08
9.771770e+08
9.779004e+08
9.785026e+08
9.790053e+08
9.794350e+08
9.798385e+08
9.801438e+08
9.803413e+08
9.805664e+08
9.808072e+08
9.809944e+08
9.811146e+08
9.811391e+08
9.811429e+08
9.813360e+08
9.813793e+08
9.813549e+08
9.813500e+08
9.813089e+08
9.812836e+08
9.811558e+08
9.811915e+08
9.811190e+08
9.809814e+08
9.809563e+08
9.808454e+08
9.806367e+08
9.804926e+08
9.804375e+08
9.802196e+08
9.801675e+08
9.799225e+08
9.797966e+08
9.795862e+08
9.795030e+08
9.792266e+08
9.790206e+08
9.787573e+08
9.785413e+08
9.783183e+08
9.781029e+08
9.778605e+08
9.776554e+08
9.772791e+08
9.769991e+08
9.766858e+08
9.764658e+08
9.760536e+08
9.759268e+08
9.755395e+08
9.751945e+08
9.749428e+08
9.746001e+08
9.741934e+08
9.738772e+08
9.735229e+08
9.731712e+08
9.727396e+08
9.724367e+08
9.719839e+08
9.716061e+08
9.711826e+08
