3.653802e-07
-9.408200e+05
-1.883020e+06
-2.855955e+06
-3.821845e+06
-4.774445e+06
-6.008978e+06
-9.365610e+06
-1.632098e+07
-2.460465e+07
-3.315330e+07
-4.179482e+07
-5.049491e+07
-5.924510e+07
-6.804428e+07
-7.689016e+07
-8.578079e+07
-9.470701e+07
-1.036447e+08
-1.125423e+08
-1.212547e+08
-1.296811e+08
-1.375881e+08
-1.448278e+08
-1.513681e+08
-1.571523e+08
-1.622461e+08
-1.666276e+08
-1.703964e+08
-1.737317e+08
-1.765926e+08
-1.791024e+08
-1.813409e+08
-1.833723e+08
-1.851430e+08
-1.868158e+08
-1.883788e+08
-1.897621e+08
-1.910601e+08
-1.923197e+08
-1.934612e+08
-1.945006e+08
-1.955457e+08
-1.965141e+08
-1.973879e+08
-1.982604e+08
-1.991106e+08
-1.998687e+08
-2.006091e+08
-2.012818e+08
-2.019707e+08
-2.026632e+08
-2.033230e+08
-2.038521e+08
-2.044486e+08
-2.050216e+08
-2.055795e+08
-2.061257e+08
-2.066515e+08
-2.071834e+08
-2.076432e+08
-2.081589e+08
-2.086562e+08
-2.091216e+08
-2.095956e+08
-2.100949e+08
-2.105653e+08
-2.110021e+08
-2.114999e+08
-2.118969e+08
-2.123809e+08
-2.127995e+08
-2.132856e+08
-2.137135e+08
-2.141957e+08
-2.146386e+08
-2.151163e+08
-2.155731e+08
-2.160244e+08
-2.164633e+08
-2.169120e+08
-2.173685e+08
-2.178778e+08
-2.183295e+08
-2.188237e+08
-2.192511e+08
-2.197815e+08
-2.201676e+08
-2.206729e+08
-2.211748e+08
-2.216070e+08
-2.221034e+08
-2.226145e+08
-2.230872e+08
-2.235675e+08
-2.240458e+08
-2.245668e+08
-2.250041e+08
-2.255153e+08
-2.260073e+08
-2.265006e+08
