2.482686e-06
-4.437362e+05
-8.819793e+05
-1.327662e+06
-1.772784e+06
-2.189986e+06
-2.716372e+06
-4.206060e+06
-7.325561e+06
-1.100216e+07
-1.474180e+07
-1.846973e+07
-2.218042e+07
-2.587218e+07
-2.954253e+07
-3.319501e+07
-3.682768e+07
-4.042474e+07
-4.394248e+07
-4.728531e+07
-5.027536e+07
-5.262753e+07
-5.403044e+07
-5.434454e+07
-5.381858e+07
-5.289976e+07
-5.201689e+07
-5.139009e+07
-5.111766e+07
-5.119849e+07
-5.155176e+07
-5.210870e+07
-5.282075e+07
-5.362670e+07
-5.446359e+07
-5.533873e+07
-5.621657e+07
-5.706008e+07
-5.786834e+07
-5.867087e+07
-5.941618e+07
-6.010651e+07
-6.078713e+07
-6.142146e+07
-6.200697e+07
-6.257779e+07
-6.312726e+07
-6.362703e+07
-6.410416e+07
-6.454511e+07
-6.497562e+07
-6.539901e+07
-6.580529e+07
-6.618687e+07
-6.655640e+07
-6.691545e+07
-6.726383e+07
-6.760263e+07
-6.793494e+07
-6.825865e+07
-6.856213e+07
-6.887940e+07
-6.918642e+07
-6.948543e+07
-6.978493e+07
-7.008449e+07
-7.038188e+07
-7.066682e+07
-7.096700e+07
-7.123688e+07
-7.152594e+07
-7.180303e+07
-7.209883e+07
-7.238396e+07
-7.267632e+07
-7.295861e+07
-7.325187e+07
-7.354120e+07
-7.382745e+07
-7.410849e+07
-7.438984e+07
-7.468228e+07
-7.498489e+07
-7.526913e+07
-7.556925e+07
-7.585606e+07
-7.616742e+07
-7.643766e+07
-7.673530e+07
-7.703847e+07
-7.731831e+07
-7.761869e+07
-7.792321e+07
-7.821698e+07
-7.851371e+07
-7.880845e+07
-7.911146e+07
-7.939901e+07
-7.969098e+07
-7.999296e+07
-8.028348e+07
