3.653802e-07
-9.401932e+05
-1.880510e+06
-2.850240e+06
-3.811641e+06
-4.758504e+06
-5.984898e+06
-9.321792e+06
-1.623359e+07
-2.445626e+07
-3.293094e+07
-4.148628e+07
-5.008809e+07
-5.872788e+07
-6.740446e+07
-7.611549e+07
-8.485897e+07
-9.362583e+07
-1.023922e+08
-1.111073e+08
-1.196284e+08
-1.278571e+08
-1.355653e+08
-1.426096e+08
-1.489609e+08
-1.545648e+08
-1.594867e+08
-1.637055e+08
-1.673198e+08
-1.705060e+08
-1.732242e+08
-1.755960e+08
-1.776997e+08
-1.795985e+08
-1.812400e+08
-1.827842e+08
-1.842193e+08
-1.854769e+08
-1.866496e+08
-1.877835e+08
-1.888008e+08
-1.897171e+08
-1.906378e+08
-1.914829e+08
-1.922343e+08
-1.929838e+08
-1.937106e+08
-1.943467e+08
-1.949652e+08
-1.955166e+08
-1.960834e+08
-1.966530e+08
-1.971903e+08
-1.975998e+08
-1.980743e+08
-1.985256e+08
-1.989614e+08
-1.993856e+08
-1.997896e+08
-2.001991e+08
-2.005383e+08
-2.009315e+08
-2.013060e+08
-2.016496e+08
-2.020010e+08
-2.023764e+08
-2.027237e+08
-2.030383e+08
-2.034113e+08
-2.036862e+08
-2.040446e+08
-2.043404e+08
-2.047015e+08
-2.050056e+08
-2.053616e+08
-2.056791e+08
-2.060300e+08
-2.063610e+08
-2.066853e+08
-2.069981e+08
-2.073199e+08
-2.076490e+08
-2.080282e+08
-2.083519e+08
-2.087163e+08
-2.090160e+08
-2.094146e+08
-2.096739e+08
-2.100477e+08
-2.104179e+08
-2.107203e+08
-2.110842e+08
-2.114619e+08
-2.118021e+08
-2.121501e+08
-2.124952e+08
-2.128809e+08
-2.131868e+08
-2.135622e+08
-2.139204e+08
-2.142783e+08
