2.482686e-06
-4.440340e+05
-8.831638e+05
-1.330339e+06
-1.777555e+06
-2.197361e+06
-2.727360e+06
-4.225928e+06
-7.365141e+06
-1.106909e+07
-1.484152e+07
-1.860727e+07
-2.236074e+07
-2.610020e+07
-2.982312e+07
-3.353304e+07
-3.722798e+07
-4.089193e+07
-4.448064e+07
-4.789724e+07
-5.096134e+07
-5.338347e+07
-5.484703e+07
-5.520880e+07
-5.471948e+07
-5.383171e+07
-5.298067e+07
-5.239016e+07
-5.216094e+07
-5.229252e+07
-5.270331e+07
-5.332330e+07
-5.410364e+07
-5.498157e+07
-5.589309e+07
-5.684556e+07
-5.780244e+07
-5.872588e+07
-5.961428e+07
-6.049884e+07
-6.132566e+07
-6.209702e+07
-6.285978e+07
-6.357599e+07
-6.424270e+07
-6.489545e+07
-6.552713e+07
-6.610796e+07
-6.666657e+07
-6.718804e+07
-6.769960e+07
-6.820455e+07
-6.869247e+07
-6.915610e+07
-6.960737e+07
-7.004820e+07
-7.047866e+07
-7.089969e+07
-7.131477e+07
-7.172129e+07
-7.210739e+07
-7.250870e+07
-7.289963e+07
-7.328273e+07
-7.366728e+07
-7.405190e+07
-7.443559e+07
-7.480623e+07
-7.519379e+07
-7.554979e+07
-7.592650e+07
-7.629148e+07
-7.667668e+07
-7.705173e+07
-7.743436e+07
-7.780713e+07
-7.819222e+07
-7.857352e+07
-7.895249e+07
-7.932642e+07
-7.970108e+07
-8.008881e+07
-8.048763e+07
-8.086716e+07
-8.126411e+07
-8.164861e+07
-8.205928e+07
-8.242657e+07
-8.282359e+07
-8.322713e+07
-8.360692e+07
-8.400981e+07
-8.441697e+07
-8.481352e+07
-8.521402e+07
-8.561335e+07
-8.602057e+07
-8.641414e+07
-8.681108e+07
-8.722031e+07
-8.761683e+07
