-7.934021e-07
-1.804349e+05
-3.641422e+05
-5.552373e+05
-7.380467e+05
-9.070951e+05
-1.102527e+06
-1.597448e+06
-2.597066e+06
-3.711545e+06
-4.786287e+06
-5.814308e+06
-6.803216e+06
-7.761261e+06
-8.695437e+06
-9.614673e+06
-1.053132e+07
-1.146587e+07
-1.246121e+07
-1.360705e+07
-1.505524e+07
-1.708490e+07
-1.994771e+07
-2.377647e+07
-2.839619e+07
-3.344547e+07
-3.861923e+07
-4.371140e+07
-4.858267e+07
-5.314170e+07
-5.740365e+07
-6.137616e+07
-6.504082e+07
-6.843294e+07
-7.157087e+07
-7.447691e+07
-7.716385e+07
-7.964126e+07
-8.196464e+07
-8.407936e+07
-8.609257e+07
-8.792576e+07
-8.966965e+07
-9.125770e+07
-9.278588e+07
-9.418999e+07
-9.549831e+07
-9.677077e+07
-9.797316e+07
-9.911202e+07
-1.001792e+08
-1.011849e+08
-1.021552e+08
-1.031324e+08
-1.040353e+08
-1.048869e+08
-1.057206e+08
-1.065197e+08
-1.073051e+08
-1.080427e+08
-1.088219e+08
-1.095252e+08
-1.102172e+08
-1.109261e+08
-1.116057e+08
-1.122367e+08
-1.128948e+08
-1.135549e+08
-1.141693e+08
-1.148271e+08
-1.154163e+08
-1.160500e+08
-1.166351e+08
-1.172740e+08
-1.178437e+08
-1.184417e+08
-1.190211e+08
-1.196045e+08
-1.201891e+08
-1.207737e+08
-1.213435e+08
-1.219354e+08
-1.224776e+08
-1.230416e+08
-1.236024e+08
-1.241917e+08
-1.247190e+08
-1.253283e+08
-1.258534e+08
-1.263944e+08
-1.269621e+08
-1.275128e+08
-1.280420e+08
-1.285936e+08
-1.291420e+08
-1.296917e+08
-1.302013e+08
-1.307773e+08
-1.312831e+08
-1.318245e+08
-1.323529e+08
