3.231538e-09
-3.006574e+04
-9.403202e+04
-2.975941e+05
-4.642880e+05
-5.054111e+05
-4.321759e+05
-2.610962e+05
-9.046005e+04
8.663052e+04
2.539832e+05
4.020159e+05
5.803595e+05
8.165465e+05
1.076849e+06
1.318348e+06
1.488639e+06
1.568833e+06
1.610016e+06
1.648754e+06
1.670422e+06
1.615273e+06
1.495102e+06
1.340361e+06
1.173735e+06
1.008152e+06
8.289668e+05
6.538768e+05
4.487037e+05
2.510816e+05
1.564590e+04
-2.114135e+05
-4.967396e+05
-7.388849e+05
-1.022193e+06
-1.276536e+06
-1.537105e+06
-1.832241e+06
-2.079211e+06
-2.345847e+06
-2.578041e+06
-2.808618e+06
-3.021437e+06
-3.218093e+06
-3.411106e+06
-3.590095e+06
-3.766593e+06
-3.943356e+06
-4.111417e+06
-4.288514e+06
-4.470283e+06
-4.650117e+06
-4.836912e+06
-5.019377e+06
-5.204560e+06
-5.394266e+06
-5.582198e+06
-5.781341e+06
-5.974981e+06
-6.175759e+06
-6.374174e+06
-6.573554e+06
-6.775487e+06
-6.969803e+06
-7.167795e+06
-7.352066e+06
-7.538052e+06
-7.719824e+06
-7.893026e+06
-8.067677e+06
-8.232015e+06
-8.391768e+06
-8.545450e+06
-8.687780e+06
-8.834279e+06
-8.962773e+06
-9.084474e+06
-9.192804e+06
-9.291753e+06
-9.389768e+06
-9.474541e+06
-9.552392e+06
-9.629961e+06
-9.701333e+06
-9.758704e+06
-9.817286e+06
-9.882590e+06
-9.919501e+06
-9.974576e+06
-1.000918e+07
-1.004254e+07
-1.009890e+07
-1.013296e+07
-1.016845e+07
-1.020095e+07
-1.023808e+07
-1.025646e+07
-1.028250e+07
-1.031379e+07
-1.033225e+07
-1.034578e+07
