3.226931e-06
3.567316e+00
9.003553e+02
1.395584e+03
2.925849e+03
1.846413e+03
1.504989e+03
3.160873e+02
8.069281e+02
6.970773e+02
2.555260e+03
1.242627e+03
2.817122e+03
1.617324e+03
2.022491e+03
1.728395e+03
5.019968e+03
2.251178e+03
4.882893e+03
5.622153e+03
9.674350e+02
4.794770e+03
-4.598325e+01
-1.005196e+03
-5.043422e+02
9.062478e+02
-5.654125e+02
-6.132558e+03
2.101764e+03
-2.805024e+03
-1.816286e+03
5.482061e+02
-1.644213e+03
-1.413340e+04
1.529273e+04
-2.436429e+02
4.715317e+02
1.323291e+04
2.731757e+03
1.539148e+04
-3.342426e+03
2.980168e+03
-3.006986e+03
-1.295569e+04
3.927170e+03
-2.921751e+03
3.625080e+03
1.294595e+04
-3.218478e+03
2.963425e+03
-3.188205e+03
-1.224676e+04
3.065179e+03
-2.702032e+03
3.418029e+03
-2.657397e+03
3.495305e+03
1.427357e+04
-2.858136e+03
4.838139e+03
-2.404562e+03
2.712299e+03
-3.643151e+03
-1.159380e+04
1.580888e+04
-3.785218e+03
3.626325e+03
-3.497426e+03
-1.178506e+04
1.214200e+04
-3.629219e+02
1.457301e+04
5.909206e+03
2.703753e+03
1.806316e+04
-1.421365e+03
3.524873e+03
-3.408261e+03
3.594416e+03
-4.425895e+03
1.159970e+04
1.825793e+03
6.296969e+02
3.625324e+03
1.224294e+03
-1.308381e+02
4.002210e+03
-1.565690e+03
1.195698e+04
-3.951325e+03
3.448215e+03
1.571921e+03
-1.281150e+04
9.139832e+01
4.566549e+03
7.213453e+03
-2.809045e+03
-5.541936e+03
-1.745581e+04
1.457321e+03
1.938947e+03
