3.445931e-06
4.831330e+07
9.525149e+07
1.402828e+08
1.835385e+08
2.251059e+08
2.657376e+08
3.058747e+08
3.456279e+08
3.850059e+08
4.240569e+08
4.628494e+08
5.013729e+08
5.396272e+08
5.774740e+08
6.144142e+08
6.493968e+08
6.811195e+08
7.086209e+08
7.317307e+08
7.510642e+08
7.672360e+08
7.811404e+08
7.930651e+08
8.034056e+08
8.125825e+08
8.206472e+08
8.278388e+08
8.344093e+08
8.402804e+08
8.458050e+08
8.506744e+08
8.554646e+08
8.596711e+08
8.638202e+08
8.674231e+08
8.708354e+08
8.742546e+08
8.772182e+08
8.802143e+08
8.827856e+08
8.853893e+08
8.877581e+08
8.899432e+08
8.921546e+08
8.940814e+08
8.959832e+08
8.978134e+08
8.993999e+08
9.010537e+08
9.025362e+08
9.039086e+08
9.053431e+08
9.065600e+08
9.078355e+08
9.089512e+08
9.100134e+08
9.111144e+08
9.120209e+08
9.130762e+08
9.138803e+08
9.147902e+08
9.155763e+08
9.163287e+08
9.171983e+08
9.177624e+08
9.185537e+08
9.191804e+08
9.197716e+08
9.204784e+08
9.210451e+08
9.216255e+08
9.221249e+08
9.225575e+08
9.231171e+08
9.234632e+08
9.239964e+08
9.242954e+08
9.247305e+08
9.251069e+08
9.255020e+08
9.257593e+08
9.260888e+08
9.263375e+08
9.265350e+08
9.269001e+08
9.270188e+08
9.272363e+08
9.275606e+08
9.276629e+08
9.278484e+08
9.280631e+08
9.281080e+08
9.284134e+08
9.285252e+08
9.285645e+08
9.287240e+08
9.289238e+08
9.289775e+08
9.292067e+08
9.293353e+08
