9.795469e-08
1.088596e+04
-5.489066e+04
-1.922520e+05
-3.534059e+05
-5.295177e+05
-7.021272e+05
-8.403787e+05
-9.060073e+05
-9.196444e+05
-9.073986e+05
-8.873785e+05
-8.648179e+05
-8.365785e+05
-8.225771e+05
-8.348083e+05
-8.666424e+05
-9.050464e+05
-9.599640e+05
-1.050327e+06
-1.169279e+06
-1.326807e+06
-1.512821e+06
-1.699621e+06
-1.876305e+06
-2.058950e+06
-2.248825e+06
-2.428999e+06
-2.601978e+06
-2.757100e+06
-2.902883e+06
-3.026273e+06
-3.141992e+06
-3.236628e+06
-3.328451e+06
-3.400125e+06
-3.458209e+06
-3.518537e+06
-3.576685e+06
-3.646196e+06
-3.720937e+06
-3.812139e+06
-3.918589e+06
-4.036053e+06
-4.170301e+06
-4.315832e+06
-4.474204e+06
-4.648784e+06
-4.830552e+06
-5.021960e+06
-5.220534e+06
-5.421190e+06
-5.628554e+06
-5.835648e+06
-6.041437e+06
-6.246684e+06
-6.444929e+06
-6.642409e+06
-6.829721e+06
-7.010340e+06
-7.178916e+06
-7.336878e+06
-7.487545e+06
-7.627428e+06
-7.762327e+06
-7.884946e+06
-8.002237e+06
-8.113349e+06
-8.217132e+06
-8.317784e+06
-8.409948e+06
-8.498520e+06
-8.582467e+06
-8.659395e+06
-8.737719e+06
-8.808842e+06
-8.880060e+06
-8.947912e+06
-9.014114e+06
-9.081540e+06
-9.148195e+06
-9.218465e+06
-9.291279e+06
-9.366548e+06
-9.441777e+06
-9.518134e+06
-9.599664e+06
-9.673607e+06
-9.752854e+06
-9.824901e+06
-9.897535e+06
-9.974738e+06
-1.004510e+07
-1.011402e+07
-1.018238e+07
-1.025231e+07
-1.031526e+07
-1.038165e+07
-1.044950e+07
-1.051294e+07
-1.057599e+07
