3.231538e-09
-3.006618e+04
-9.403491e+04
-2.976086e+05
-4.643186e+05
-5.054521e+05
-4.322181e+05
-2.611273e+05
-9.047294e+04
8.664372e+04
2.540318e+05
4.021044e+05
5.805112e+05
8.167922e+05
1.077220e+06
1.318874e+06
1.489320e+06
1.569675e+06
1.611041e+06
1.649999e+06
1.671924e+06
1.616989e+06
1.496993e+06
1.342344e+06
1.175720e+06
1.010049e+06
8.307951e+05
6.554003e+05
4.498655e+05
2.518102e+05
1.568828e+04
-2.121946e+05
-4.983814e+05
-7.417707e+05
-1.026284e+06
-1.282072e+06
-1.544219e+06
-1.840955e+06
-2.089843e+06
-2.358186e+06
-2.592334e+06
-2.824928e+06
-3.039592e+06
-3.238376e+06
-3.433420e+06
-3.614407e+06
-3.793229e+06
-3.972035e+06
-4.142390e+06
-4.321970e+06
-4.506063e+06
-4.688701e+06
-4.878204e+06
-5.063412e+06
-5.251731e+06
-5.444275e+06
-5.635680e+06
-5.837941e+06
-6.035075e+06
-6.239486e+06
-6.441465e+06
-6.644850e+06
-6.850430e+06
-7.048949e+06
-7.250890e+06
-7.439296e+06
-7.629552e+06
-7.815263e+06
-7.992927e+06
-8.171999e+06
-8.340502e+06
-8.504515e+06
-8.662490e+06
-8.809249e+06
-8.959861e+06
-9.092659e+06
-9.218544e+06
-9.330766e+06
-9.433957e+06
-9.535513e+06
-9.624309e+06
-9.706195e+06
-9.787389e+06
-9.862288e+06
-9.923184e+06
-9.985872e+06
-1.005339e+07
-1.009460e+07
-1.015357e+07
-1.019115e+07
-1.022919e+07
-1.028783e+07
-1.032576e+07
-1.036444e+07
-1.040044e+07
-1.044026e+07
-1.046242e+07
-1.049258e+07
-1.052634e+07
-1.054843e+07
-1.056535e+07
