9.795469e-08
1.089326e+04
-5.496453e+04
-1.926413e+05
-3.543625e+05
-5.313130e+05
-7.049906e+05
-8.443842e+05
-9.109544e+05
-9.253059e+05
-9.136159e+05
-8.940749e+05
-8.719539e+05
-8.440727e+05
-8.305268e+05
-8.434843e+05
-8.762647e+05
-9.157645e+05
-9.720547e+05
-1.064375e+06
-1.185855e+06
-1.346691e+06
-1.536736e+06
-1.727904e+06
-1.909121e+06
-2.096705e+06
-2.292017e+06
-2.477704e+06
-2.656411e+06
-2.817158e+06
-2.968626e+06
-3.097437e+06
-3.218682e+06
-3.318340e+06
-3.415478e+06
-3.491928e+06
-3.554610e+06
-3.619756e+06
-3.682619e+06
-3.757522e+06
-3.837723e+06
-3.935146e+06
-4.048610e+06
-4.173374e+06
-4.315949e+06
-4.470386e+06
-4.638249e+06
-4.823515e+06
-5.016296e+06
-5.219500e+06
-5.430660e+06
-5.644011e+06
-5.864995e+06
-6.085984e+06
-6.305847e+06
-6.525842e+06
-6.738391e+06
-6.951086e+06
-7.153071e+06
-7.348558e+06
-7.531739e+06
-7.703863e+06
-7.869072e+06
-8.022637e+06
-8.171726e+06
-8.307690e+06
-8.438471e+06
-8.563191e+06
-8.679827e+06
-8.793737e+06
-8.898741e+06
-9.000211e+06
-9.096890e+06
-9.185910e+06
-9.277317e+06
-9.360575e+06
-9.444397e+06
-9.524711e+06
-9.603040e+06
-9.683720e+06
-9.762839e+06
-9.845696e+06
-9.932343e+06
-1.002161e+07
-1.011039e+07
-1.020043e+07
-1.029833e+07
-1.038512e+07
-1.047894e+07
-1.056560e+07
-1.065102e+07
-1.074508e+07
-1.082921e+07
-1.091328e+07
-1.099600e+07
-1.108149e+07
-1.115827e+07
-1.123848e+07
-1.132300e+07
-1.140104e+07
-1.147891e+07
