3.543575e-06
-2.506810e+00
1.257296e+03
1.451714e+03
1.738722e+03
1.494943e+03
1.859254e+03
6.627731e+02
1.968065e+03
5.621839e+02
2.990812e+03
1.506042e+03
6.610889e+03
2.081276e+03
2.783408e+03
3.267448e+03
2.383464e+03
4.477243e+03
1.686809e+04
1.369404e+04
2.412089e+03
-1.219889e+04
1.108099e+04
1.171685e+04
-2.207469e+03
7.259045e+03
-5.934225e+03
-1.592741e+04
5.210005e+03
-9.858737e+03
2.257458e+02
-8.746666e+02
-4.946738e+03
-2.165921e+04
2.721237e+04
-9.749644e+02
8.352514e+02
1.769019e+04
6.608041e+03
2.651294e+04
-8.226698e+03
7.855201e+03
-8.516361e+03
-2.004879e+04
7.826745e+03
-7.782120e+03
8.973692e+03
1.913167e+04
-7.332336e+03
7.523913e+03
-8.405020e+03
-1.835571e+04
6.822881e+03
-7.010014e+03
9.182117e+03
-6.750334e+03
9.484144e+03
2.065106e+04
-5.887874e+03
1.186740e+04
-6.072091e+03
7.388640e+03
-9.587446e+03
-1.619279e+04
2.540506e+04
-8.523615e+03
9.384726e+03
-9.106042e+03
-1.702577e+04
1.471317e+04
6.098204e+03
2.571551e+04
1.538873e+04
9.083114e+03
2.134053e+04
-2.816301e+03
9.035995e+03
-9.604158e+03
9.399669e+03
-1.208070e+04
1.886240e+04
5.990647e+03
1.471036e+04
2.898841e+03
1.351390e+02
4.011159e+03
7.766000e+03
2.382553e+02
2.399508e+04
-7.096206e+03
5.790067e+03
2.665168e+03
-2.383254e+04
1.035929e+03
-6.284415e+02
1.187287e+04
-6.611227e+03
-1.321755e+04
-2.205071e+04
4.528256e+03
4.668956e+03
