2.736994e-08
2.854977e+04
5.657002e+04
-2.675111e+04
-1.306222e+05
-2.282030e+05
-4.328304e+05
-6.936416e+05
-9.789858e+05
-1.340321e+06
-1.729413e+06
-2.148993e+06
-2.612008e+06
-3.121762e+06
-3.665992e+06
-4.232123e+06
-4.811866e+06
-5.392254e+06
-5.968504e+06
-6.541757e+06
-7.134300e+06
-7.749215e+06
-8.380360e+06
-9.031656e+06
-9.680201e+06
-1.028345e+07
-1.082812e+07
-1.131635e+07
-1.176367e+07
-1.217896e+07
-1.255857e+07
-1.291030e+07
-1.322306e+07
-1.350762e+07
-1.374362e+07
-1.395191e+07
-1.411191e+07
-1.423869e+07
-1.434846e+07
-1.442911e+07
-1.450555e+07
-1.455907e+07
-1.460977e+07
-1.466638e+07
-1.471956e+07
-1.477683e+07
-1.483113e+07
-1.488273e+07
-1.494259e+07
-1.499919e+07
-1.505999e+07
-1.512743e+07
-1.519335e+07
-1.526904e+07
-1.534571e+07
-1.542614e+07
-1.551300e+07
-1.559548e+07
-1.568596e+07
-1.576771e+07
-1.585336e+07
-1.593263e+07
-1.601036e+07
-1.608856e+07
-1.615828e+07
-1.623478e+07
-1.630025e+07
-1.636746e+07
-1.643275e+07
-1.649070e+07
-1.654740e+07
-1.659839e+07
-1.664761e+07
-1.669718e+07
-1.673824e+07
-1.678741e+07
-1.682941e+07
-1.687716e+07
-1.691795e+07
-1.695752e+07
-1.699676e+07
-1.703633e+07
-1.707243e+07
-1.711281e+07
-1.715318e+07
-1.718857e+07
-1.723217e+07
-1.726996e+07
-1.730665e+07
-1.734731e+07
-1.738785e+07
-1.742349e+07
-1.747058e+07
-1.750020e+07
-1.754180e+07
-1.758806e+07
-1.762722e+07
-1.766877e+07
-1.771592e+07
-1.775720e+07
-1.780146e+07
