2.736994e-08
2.853104e+04
5.649572e+04
-2.669834e+04
-1.302781e+05
-2.274502e+05
-4.311145e+05
-6.904301e+05
-9.738061e+05
-1.332342e+06
-1.717978e+06
-2.133372e+06
-2.591303e+06
-3.094974e+06
-3.632144e+06
-4.190298e+06
-4.761199e+06
-5.332004e+06
-5.897996e+06
-6.460346e+06
-7.041036e+06
-7.643141e+06
-8.260503e+06
-8.896974e+06
-9.529992e+06
-1.011773e+07
-1.064707e+07
-1.112039e+07
-1.155290e+07
-1.195343e+07
-1.231850e+07
-1.265581e+07
-1.295445e+07
-1.322519e+07
-1.344807e+07
-1.364353e+07
-1.379166e+07
-1.390710e+07
-1.400580e+07
-1.407603e+07
-1.414195e+07
-1.418557e+07
-1.422633e+07
-1.427277e+07
-1.431592e+07
-1.436287e+07
-1.440691e+07
-1.444835e+07
-1.449762e+07
-1.454376e+07
-1.459392e+07
-1.465034e+07
-1.470538e+07
-1.476971e+07
-1.483488e+07
-1.490377e+07
-1.497852e+07
-1.504933e+07
-1.512743e+07
-1.519723e+07
-1.527060e+07
-1.533773e+07
-1.540349e+07
-1.546930e+07
-1.552727e+07
-1.559130e+07
-1.564493e+07
-1.570015e+07
-1.575327e+07
-1.579962e+07
-1.584439e+07
-1.588395e+07
-1.592160e+07
-1.595929e+07
-1.598942e+07
-1.602665e+07
-1.605740e+07
-1.609338e+07
-1.612269e+07
-1.615111e+07
-1.617886e+07
-1.620673e+07
-1.623178e+07
-1.626037e+07
-1.628905e+07
-1.631349e+07
-1.634469e+07
-1.637121e+07
-1.639658e+07
-1.642535e+07
-1.645394e+07
-1.647826e+07
-1.651260e+07
-1.653169e+07
-1.656123e+07
-1.659449e+07
-1.662219e+07
-1.665223e+07
-1.668652e+07
-1.671571e+07
-1.674764e+07
